1724415884977470939 0.096685408438178216395 3.6272633445644215655 -1.0704940645824838619 0.0077640288877653430843 -0.017119652653037290002 0.83683342357444878701 0.54713477182238767771
1724415885227565960 0.10210844368052110487 3.6205503339289615283 -1.0729707134372974409 0.0077692814796789461465 -0.017100385193392374228 0.83682846947151667827 0.54714287692840013477
1724415885477649889 0.10705332943486092767 3.6140278034334474278 -1.0755648619697439905 0.0077826610688717092965 -0.01707807703265478913 0.83682262830811970922 0.54715231720522294889
1724415885727556514 0.11362778172916129793 3.6077111900945273426 -1.0781167481474394076 0.0077768588812056563958 -0.017100517300245164642 0.83681756377660476698 0.54715944452142439847
1724415885977603101 0.12099540751254972415 3.6011123448146267201 -1.0806412511573453283 0.0078149735736327673868 -0.017050136185524374099 0.83681297952053057543 0.54716748473394349883
1724415886226999254 0.12238128718390031691 3.5932501943363917007 -1.0832900155045155355 0.0078244216482654515427 -0.017049998815520110013 0.83680998562155073373 0.54717193269604114114
1724415886477212661 0.12383146800134395282 3.5848187485702136534 -1.0880966238422906667 0.0075060685045045026989 -0.016995629087506767402 0.83687524264084278691 0.54707827208029025101
1724415886727194983 0.12262958279364882808 3.5896475696639846831 -1.0992387671941203919 0.0063873462785730833469 -0.016766755295580325347 0.83681979013086815744 0.54718435336703996619
1724415886977377745 0.1050681378633350066 3.6251216031643096471 -1.1006361275872520444 0.0065181939000406481644 -0.016766249888448318817 0.83683803981970306118 0.54715491510510660955
1724415887227137846 0.053965086779534217343 3.692449401383629759 -1.1099581586491340524 0.0064100271800169809217 -0.016918458837109445064 0.83684528720574358207 0.5471404230941675495
1724415887477071141 -0.018038984549349355163 3.793717727598299394 -1.124393620360889301 0.0060511227605321155076 -0.016535402462776557786 0.83673707392667440175 0.54732169105139438781
1724415887726964090 -0.11204689781871658705 3.9434886785336575876 -1.1402092963325496378 0.0057201391841955632686 -0.016010278195493929387 0.83660366787892925799 0.5475447505833095363
1724415887976973306 -0.22916888550803837798 4.1407846772072858244 -1.1531196975369080171 0.0057897224890139618869 -0.015313866189395460016 0.8365169620770546155 0.54769639105366474396
1724415888226526858 -0.35080425926731778619 4.383459265406141725 -1.1667950219531098011 0.0047280835547187129164 -0.015207114838747218255 0.83642072458820537761 0.54785651439361626736
1724415888476509192 -0.49934245053518666602 4.6834437240992965457 -1.1755998770401674403 0.0040881326337010460287 -0.015486680184227673979 0.83662371656744360937 0.54754379439942357788
1724415888726440715 -0.68386203079466856281 5.0379019432158633762 -1.1861311564240191174 0.0043478097312702112739 -0.014091837769604579136 0.83680425772271749274 0.54730352722775987839
1724415888976473149 -0.87719311914119058038 5.4552300227209995498 -1.201359590688592327 0.0020673552662616679829 -0.014907082418337838647 0.83700518276416790986 0.54698796052737608253
1724415889226607336 -1.1308479919377354417 5.920245357630342653 -1.213811156037224892 0.0029400826242782099676 -0.012639303232907489472 0.83719081523583149806 0.5467569321121709125
1724415889476672251 -1.3937526199734866506 6.4522078137679015342 -1.2185095191428887418 0.0021263450802977623341 -0.013666414730058244753 0.83735605561760884097 0.54648288526315780267
1724415889726464946 -1.69616413886323536 7.0383718121421203762 -1.2212237610113241271 0.0029256642438956945683 -0.013351899100871684675 0.83769902549130814684 0.54596108832960332791
1724415889976518670 -2.0207201911755494628 7.6876792540434690792 -1.2157195013068633482 0.0043076775873076627796 -0.014417019339210208201 0.83784612591017904037 0.54569905879017321926
1724415890226263918 -2.3527609675398015732 8.397614177301051086 -1.2183702573927703838 0.0050919470609752572748 -0.014184269265022930034 0.83794229584784951648 0.54555071937426757867
1724415890476178214 -2.6906775322417928464 9.1527454105877179558 -1.2237863358274294612 0.0048763554329374720828 -0.014429959918800803684 0.83789233653222883191 0.54562297403518100758
1724415890726332983 -3.0351373248795079363 9.94776536402598488 -1.2314273079451567572 0.0045569604333346447333 -0.015854723500154706967 0.83735140704364785513 0.54641603469917143787
1724415890976767307 -3.3937932761433713402 10.763535803345373409 -1.2409569627815926207 0.0053939738344505518824 -0.013569317745927057112 0.83585330846366012736 0.54875862215780868425
1724415891226629166 -3.7601007839086624251 11.62404343143731289 -1.2425092764617191587 0.0055201407201653455298 -0.014209059654943397705 0.83442662769457154326 0.55090818986870848661
1724415891476177755 -4.1166914718588669686 12.528763234536489435 -1.2538346673075939641 0.0044429379369626412558 -0.01747634396278964497 0.83238167247445760122 0.55390936897005760287
1724415891727009789 -4.4934392671962770649 13.467781115896761079 -1.255248272688435085 0.0077510784108070513582 -0.014813610199284357738 0.82798429447680066406 0.56050199449786763939
1724415891977598306 -4.7970311325900905075 14.466863075387246695 -1.2594866021402000289 0.0073410952656030167493 -0.01853749509898441894 0.82081828143983026624 0.57084132510700358321
1724415892228140384 -5.0947005060601089355 15.483352565836900894 -1.2697021571510904714 0.010487570298755632958 -0.016324724340209210288 0.81188714674749484779 0.5834918809980619292
1724415892478787700 -5.3408910584789532905 16.539896134864328303 -1.2865993363373191549 0.010965959421741175786 -0.015526392638754906578 0.80157952916609886973 0.59758592460619675002
1724415892729363183 -5.5195340096947376196 17.62002843439928057 -1.3199012444691540225 0.0082156023150602181665 -0.014348672552101123315 0.78874469302718519526 0.61449851805846122943
1724415892980058469 -5.6651482658610365917 18.70969552145215431 -1.3518261397835020787 0.0081431036013562829723 -0.0087719210398012337215 0.77429055156547732519 0.63271706553675144402
1724415893229800141 -5.743406630309418226 19.833413148856038788 -1.3596178279331587735 0.00799424743508737011 -0.0087144126595305494709 0.759816888220951836 0.65002957424579943524
1724415893479982712 -5.7653126083793537759 20.965397999200259704 -1.3532558924272894973 0.0090524014958386737895 -0.011423074343879725118 0.74514081536721221699 0.66674787789206979571
1724415893730054098 -5.7533282707627346753 22.072010139608227774 -1.3495945506044679796 0.010663317833788727579 -0.012655516383610799711 0.73088115567082712065 0.68230408751752025243
1724415893980076628 -5.6924840631519035838 23.148759344853210962 -1.3593423763230714219 0.009211057579112735122 -0.013654366981455310498 0.7175480720558901071 0.696314209943676099
1724415894229138654 -5.6159281072089477505 24.207732876519976628 -1.3803053749758402713 0.0087239526851360486848 -0.012830046224557075524 0.7070548865500012603 0.70698845108614605248
1724415894478896391 -5.5371873058622780306 25.259481248556991062 -1.392626325465511794 0.0082724601043888817964 -0.011320558646132867359 0.69917914045529649947 0.71480902408122515279
1724415894728292591 -5.4404554350960845355 26.306877953102688394 -1.4085377963422296421 0.0048542116300531075457 -0.012611455138872386394 0.694243294201150829 0.71961353258917060138
1724415894977933891 -5.380169711104345609 27.370232155883041258 -1.419936634481431037 0.0072080151122950403622 -0.0094041420791711842486 0.69029747713283295951 0.72342864174287591084
1724415895227411170 -5.3034717708234220268 28.427640172436944965 -1.4186444599884189266 0.0039355828474831574051 -0.012772390955458174169 0.68710794972859545737 0.72643240747966175697
1724415895476758213 -5.2539739790173429768 29.483591825629346772 -1.4293969659108451964 0.0034647639848426289334 -0.012575085581784196942 0.68463554231409806672 0.72876885007073455292
1724415895726869066 -5.2081613441566574352 30.55874289682523326 -1.4169009630542619416 0.0055593306376564054563 -0.014371912579995189604 0.68308237298715923647 0.7301787546114207883
1724415895976803409 -5.1802930429813809354 31.630635689298859603 -1.4185950067785366713 0.0063856221278048939244 -0.014557007215116546384 0.6841230080540184888 0.72919340865239690164
1724415896226394350 -5.2112621003380787954 32.694784508506344878 -1.4345031570009916244 0.0059004030203556982748 -0.013525738962099135426 0.68659205671959411266 0.72689310581356036955
1724415896476023366 -5.2781723371627000674 33.745740198749686556 -1.4556604618971593634 0.0069414679406175011991 -0.01110141771264421505 0.68982377942443828811 0.72385891435291660478
1724415896726024552 -5.3445278456259508459 34.785256432733866916 -1.4586458681271092797 0.0086966097187182386796 -0.010750257511957711509 0.69237238627853936457 0.72140784557820547551
1724415896976353585 -5.4159004335650040574 35.807373400143177378 -1.4661540705003290874 0.0099922978826963246984 -0.0109234854523469916 0.69518569563254839494 0.71867773030509674026
1724415897226070308 -5.4987957477628253145 36.79841280935269765 -1.4695916938034134791 0.011818691842918690668 -0.0096477767726828693451 0.69841110367224734645 0.715534184503982984
1724415897475842044 -5.5836572300848077433 37.760252989960108039 -1.4838090312647682634 0.0081257995138203746588 -0.010983269111587097566 0.70450090847903323876 0.70957156730952830603
1724415897725228268 -5.754183559610170029 38.70091338662884084 -1.4946124482817639834 0.0085091245841841835207 -0.010246122572381539603 0.71503002473468013633 0.69896686294771159798
1724415897974493801 -5.9779750514028764385 39.605934534759263954 -1.4816087454434887505 0.0097988987325105490755 -0.015122483748452103178 0.72984262031486968336 0.6833776713068937525
1724415898223803431 -6.7180282431793036935 40.571950674672265791 -1.4128575045425395551 0.01427077819953752498 -0.0146059454337620475 0.74701302520749124358 0.66449571211401925463
1724415898472999432 -7.6110980243989603267 41.469089119260949872 -1.3631702359106963041 0.012489383045910717671 -0.014396830265843197499 0.76721756070874735922 0.64110370544050698793
1724415898722427243 -8.5480970310414843283 42.306327077047569674 -1.3272481576947479098 0.0093506830025774749504 -0.013863934167409986548 0.78795606729470690777 0.61550433960309836046
1724415898971589140 -9.5668511319841194052 43.103244541250454347 -1.2702899612023159648 0.0077816099025005032452 -0.015503741937932464037 0.81213153682784855469 0.58321646703679752566
1724415899220472271 -10.258020810707375148 43.659690279801708357 -1.27466885995560264 0.0079025560022639648738 -0.010810755552556408632 0.83797199978875536175 0.54554890224712948577
1724415899469957244 -10.862722493079713715 44.122489914659297483 -1.2847882679131152894 0.0075078074298062539779 -0.0093427157819881874457 0.86249651205724797709 0.50592105429453648746
1724415899719761048 -11.493137820001775751 44.521441640846582288 -1.292650415081928239 0.0061550967804719315321 -0.01031410528489636394 0.88564344029632724453 0.46421054563191566089
1724415899969711240 -12.148435968212131897 44.848483163747751234 -1.3012998366663792726 0.0039184212159163039901 -0.012994348542388654139 0.90742050970464838144 0.42000453741416854392
1724415900219760019 -12.85517285505563656 45.080236392760376418 -1.3130900644370095964 0.0030364810379985567208 -0.009259716871068609037 0.92738242367176892955 0.37398780420095156796
1724415900469421504 -13.600950529113095655 45.260658949310276 -1.3104894618039233389 0.0028774749536294853651 -0.010350421440386036939 0.94613470505435748326 0.3235949764838781384
1724415900719293832 -14.382995269813763528 45.367551892186931184 -1.3131070330076546337 0.0026715507284279980081 -0.010914798005689648266 0.96230310271600061345 0.27174706714950724873
1724415900969397465 -15.208953854007255302 45.408141705094834606 -1.2967926927115418501 0.0051063641531476841595 -0.010250599824590008249 0.97552056898458772149 0.21960981247739794209
1724415901219877243 -16.053206254960006305 45.409061514687927286 -1.2843844680944223047 0.007237241268785407286 -0.011659675267570090637 0.98530327386242821941 0.17026195355232254247
1724415901470621171 -16.920738035478500194 45.338335976913043623 -1.2796040115165541184 0.0086625797712836342945 -0.0088484921827957675744 0.99221103404156651973 0.12395131231238608327
1724415901721412548 -17.792779506103372 45.260222541214098158 -1.2826658552655456624 0.0077825570669778484575 -0.0098890189852307939372 0.99641673279719777945 0.083638111592544236994
1724415901972467689 -18.692455557852220238 45.15180946006956475 -1.2869131852148316675 0.0080205838815754007531 -0.0071424503233502968993 0.99865788846872149964 0.050666334353012404401
1724415902223778250 -19.622378132063385436 45.042829771042114828 -1.2837846352173536424 0.0087027844310672546752 -0.0055371097543103920541 0.99960836314263012969 0.026013886561342319803
1724415902475252915 -20.588242795191113998 44.94485894296309425 -1.2730749158719192327 0.010352574236854057005 -0.0037219899135331234799 0.99988899481470505659 0.010048335493637459287
1724415902726258014 -21.56604280454228828 44.855883675007412137 -1.2746818094495757645 0.0098689601345196917986 -0.0058290557329493944069 0.99992619103230440114 -0.0040296678216856117102
1724415902976833248 -22.55485442945828467 44.699596849327015491 -1.2856728526105238863 0.0073314698650745165412 -0.0026164495894309353421 0.99977204676276887341 -0.019881102910736424966
1724415903227062449 -23.558629994054289369 44.505047117935504275 -1.2986207815127859266 0.0049681481758000103216 -0.0048431131964736832615 0.99929780413424751373 -0.036820651959740401116
1724415903476914569 -24.572744568529913067 44.229123700437511957 -1.2956779116704695287 0.0042634090550048497556 -0.0033952951985900428448 0.99833313211036445178 -0.05745652830143849199
1724415903726677477 -25.591882299855598148 43.899829472178794276 -1.2892392210094782978 0.0045867336782396917957 -0.0038727754386709942365 0.99670487537538021705 -0.080891006221422603883
1724415903976277227 -26.608487161515991914 43.500976681242882194 -1.2662160466949865523 0.0061998044273053835168 -0.0026577432993897366978 0.99425293862533214995 -0.10684377782776557919
1724415904225886171 -27.601711883731358199 43.034664269765045219 -1.2603574514699189546 0.0066800214204227412879 -0.0038488907500754416385 0.99074343163669664758 -0.13552865388012602654
1724415904475717754 -28.578925722037617163 42.491526984925229726 -1.2531117700679970106 0.0074865882333920875241 -0.0027012444103332970691 0.98635969158203362639 -0.16441171824859365791
1724415904725521545 -29.538769492221902624 41.888850796253336739 -1.2458748614599788329 0.0086510009355951506677 -0.0023359233519325574811 0.98096987929944978735 -0.19395308595670607277
1724415904975480245 -30.470055182219553558 41.223683710922564671 -1.2429169193252214143 0.0081168684764779640284 -0.0014241138047936621226 0.9746813942182012136 -0.22344634280039102348
1724415905225572674 -31.318896146587434259 40.507928621240225198 -1.2703093244002030549 0.005910751665997463454 -0.00090941331222463284156 0.96796647661316304045 -0.25100823917805809016
1724415905476055320 -32.159335700185444296 39.755575794622643571 -1.2744750503821322685 0.0081162001540752981565 -0.0006223563347508735211 0.96152668856451151136 -0.27459090870933194894
1724415905726183087 -32.977355226813259037 38.959645760725685193 -1.2851966123036902001 0.0085824772624241360552 0.00095726761562211104984 0.95513700449628580191 -0.29603838832930839953
1724415905976703200 -33.778019536108558896 38.135532472242218205 -1.3092816029787914811 0.0065759380249631078919 0.0017123295280222726716 0.94908510188238792704 -0.31494649442655547888
1724415906227133998 -34.558326991144909357 37.276076370098181201 -1.3251215635379776092 0.0056700010092022370967 0.00079772085935690011972 0.94350786009660703169 -0.33130066807343977464
1724415906477710521 -35.331937396211053226 36.370128114446551137 -1.3120606894012425414 0.0068581482991409582067 0.0029520762458624962531 0.93844667326412056774 -0.34534344135548644683
1724415906728098049 -36.100885019225067651 35.453428851315244685 -1.3140063397739689677 0.0067374304926081669126 0.0026927386175958373943 0.93395921783451618658 -0.35730594119190556279
1724415906978369217 -36.872025540946388844 34.500802561231985521 -1.3150354346306223352 0.0078063826396618588022 0.0026594524405890631463 0.92957436113550129253 -0.36854239216448902994
1724415907228409218 -37.670362688858695321 33.490531545066815511 -1.2939187859653131785 0.0076324897638705346478 0.004241453014499572613 0.9259059076368542085 -0.37765328726161412343
1724415907478766810 -38.483359054364619567 32.465004816956493983 -1.2840047288829841143 0.0059829648094318534784 0.0027215979817156515583 0.92268315306697434863 -0.3855030428970718237
1724415907729231405 -39.299965814734854064 31.412739727132130696 -1.2652914551478016136 0.0047023512434444273908 0.0038316349793786909882 0.92041944117588314622 -0.39088522455017798984
1724415907979123216 -40.117030740397119359 30.354805105404004451 -1.2356354301764549408 0.004257971984717640046 0.0048643966934055959603 0.91856606062069579011 -0.39521462472328000581
1724415908230011863 -41.008129772651770395 28.943498154687546275 -1.1657430261774917035 0.0062308522341842764031 0.0043512660566129342937 0.91759397055930702614 -0.39744628336084097953
1724415908480291694 -41.892727518156057442 27.460076524902280681 -1.0912279708394008182 0.0051077815677875535588 0.0052828359229518118134 0.91726789590936663732 -0.39820297505929080906
1724415908730312509 -42.787019178789165608 25.997130453689749174 -1.0280235633800651751 0.0058232904712417453419 0.0022982100290639267959 0.9168692606729611505 -0.39913853027710533006
1724415908980436370 -43.662453915273474081 24.510383658482862046 -0.93609368053952524136 0.0072455382806935293358 0.0059925845414931242297 0.91656017692309610378 -0.39978623436061272445
1724415909230201112 -44.496651429175670955 23.432291265520603929 -0.90624420214292544795 0.0082265565215294822465 0.0063805105035001216315 0.91605816368504489056 -0.40091028123446270648
1724415909480522540 -45.28446411523950843 22.466471463942831122 -0.91036711687175453367 0.0045022055589206610646 0.006249904158048190557 0.91581753915270225352 -0.40152073897049112006
1724415909730427774 -46.055613783134546679 21.52144298227601027 -0.90516501259996229312 0.0029938106810538148671 0.0047609994760868567035 0.91489232648469620557 -0.40365876792287669339
1724415909980066153 -46.788124729662925461 20.571162647341232343 -0.87611660751284636817 0.0042957002709776608354 0.005114771065027805784 0.91250727840491940857 -0.40900593263934587052
1724415910229358891 -47.472726291448012148 19.627099306966311332 -0.84870234505827324423 0.0078849702438147095673 0.0015167441919133133575 0.90750118372361998631 -0.41997277086918255451
1724415910478343005 -48.049044444305451407 18.644072435306771496 -0.82946641277657584546 0.0096127837676847210924 0.00075996971029365710353 0.89824090461532501983 -0.43939764918592538745
1724415910727357873 -48.524114971526877582 17.634867684446515312 -0.81919075449898293151 0.0091847297194206697218 0.0014276739677139109203 0.88620892669572692846 -0.4631925525435732216
1724415910976716474 -48.932971667308649444 16.61896071617074 -0.80494728953451910591 0.010205873479419201241 0.00069373873703779858138 0.87262641886559488835 -0.48828116077818761731
1724415911226106776 -49.23757935309847511 15.590129128923013724 -0.80409853433853206717 -0.0083797583184956440927 -0.00027352312338942282813 -0.8570566701985968816 0.51515392738842424869
1724415911475776114 -49.454011992327430391 14.547457855974201379 -0.79887267476217460604 -0.0058024017672268363155 -0.0021523406343063357371 -0.84034122122257659537 0.5420224455478521719
1724415911725599823 -49.628553918132432443 13.489788653627877935 -0.79610871510067660051 -0.0060218700208789291417 -0.00089643279792378397029 -0.82265921559267951579 0.56850219743649865745
1724415911975463986 -49.7342833600826566 12.411863930562782699 -0.78134775170364723085 -0.0051390620619056115101 -0.00045510384790833419881 -0.80413384007991739466 0.59442589963757208604
1724415912225558814 -49.771786605630396139 11.311008733274501736 -0.77833001390866884961 -0.0021255681635266097766 -0.0012581860667844496117 -0.78607429011986318379 0.6181270980472840515
1724415912475904765 -49.805770660688423845 10.190501537102361951 -0.75489691185031149168 -0.0038976594716848725168 -0.00030715290087297088305 -0.77048166434366960331 0.63745016967442036382
1724415912726346225 -49.793103835265206669 9.0670420698310927321 -0.73946750730110577532 -0.0028053748764393549205 0.0019795573031337375738 -0.75559617040663995535 0.65502873104277326011
1724415912976854468 -49.719826838469131758 7.9265338865377579225 -0.71951364717178956099 -0.00028702597726693696804 -0.00022334585393405515094 -0.74124269889310878678 0.67123701407951108511
1724415913227652315 -49.633453187353751446 6.7967992257648832677 -0.67896171011877837209 -0.0026286942745469446363 -0.0029521969352289045493 -0.73057899801869363721 0.68281674126640179434
1724415913478366309 -49.544907550673102037 5.7017854762921409417 -0.64893188349454467012 -0.0041330668699556807541 -0.0041887772830352084166 -0.72302268188967744322 0.69079922797885351393
1724415913729189131 -49.448284550651855795 4.6465429281946439843 -0.63052922269804945188 -0.0030172852890407628711 -0.0061443736205616279744 -0.71840388566143786875 0.69559255295671695851
1724415913979772744 -49.374225681531704879 3.6233491669165336369 -0.62530636409245998752 -0.0051200742489912274419 -0.0041008977213820739169 -0.71470793125035181337 0.69939226510264329573
1724415914230285025 -49.274634870991334878 2.6258098802458667009 -0.60572801283128496763 -0.0033731202022438261379 -0.0067590118431344915761 -0.71160666266489891463 0.70253746908611947042
1724415914480200424 -49.197280026868781988 1.6720821871280335813 -0.61128104295277374547 -0.0033412916027722367775 -0.0032662440991403033502 -0.70848532201662428598 0.70571007921589923306
1724415914730114824 -49.097993438336935412 0.73543340773352994244 -0.59558678841926382397 -0.0047660864708479787691 -0.0038788505280833614208 -0.70451868774973214204 0.70965883179858280094
1724415914979877094 -48.96805172451633581 -0.13173305786437558562 -0.58296435011021774386 -0.002991251270520032049 -0.0051612474327452058723 -0.70002144952911993236 0.71409690108550705201
1724415915230428064 -48.864636944767390503 -0.96082318735356619932 -0.56545080167442740571 -0.0083105277438060530526 -0.0016078887166053800958 -0.69245113838624394731 0.72141511681561631963
1724415915479417083 -48.688696649879481981 -1.7131816652820557323 -0.56052609466093983315 -0.0061048072242613840577 -0.0017291795482601208557 -0.682497906467989357 0.73086000638539250218
1724415915728560609 -48.468087396415498347 -2.4068555497665728993 -0.54207429344339685962 -0.0066930096408533285013 -0.0025247254536215160171 -0.66812439141073709514 0.74401520615197347386
1724415915977866702 -48.214818946735348959 -3.024160352830718157 -0.54610950363617927206 -0.0060976759675299418983 0.00059892499202438866102 -0.65066272749668974118 0.75934213282499851694
1724415916227162078 -47.80098640316058578 -3.6000127210299139868 -0.55547004622740037139 -0.0071412700304086295169 0.0026246703288709434532 -0.62901643125412609603 0.77735477266196850721
1724415916476242349 -47.275226294674084215 -4.1218429095141289054 -0.54610886728492247233 -0.0054992573077107713767 -0.00010780995962693936481 -0.60286582402077359966 0.7978236301174777001
1724415916725540238 -46.719481162063871693 -4.5814799947944218061 -0.55897776605821702933 -0.0048723279496185644202 0.0018718390098320073119 -0.57289938484262159513 0.81960908455556924501
1724415916974679908 -46.079034781023665346 -4.9654501432899280644 -0.55761407884405400637 -0.00058497333536571710123 -0.0012960121832235656919 -0.53815046313646797138 0.84284758834834583308
1724415917223808722 -45.482514966566036207 -5.3074279289840902152 -0.54686127016069840945 -0.0035392950737223130044 -0.0011538774671125565183 -0.49882755644677223561 0.86669326228286469593
1724415917473277176 -44.815861636378954813 -5.5823270103147129007 -0.52069951076584852778 -0.0026474606598237541456 -0.0052239001901414859608 -0.45543675817112644344 0.89024887594730117701
1724415917722701636 -44.090911321245975785 -5.7714846463732820681 -0.50644180750821132797 -0.0002362552414524390367 -0.0079840894331835044612 -0.40605900354859758572 0.91381195228367628758
1724415917972115275 -43.319164304996697012 -5.9076924978062201887 -0.46819861918335436979 -0.00057165487474054811536 -0.012469562673562138364 -0.35420129966962743406 0.93508589045594170397
1724415918222109069 -42.510212343825152459 -5.9501425891425627768 -0.48393541336719020363 -0.0033239261298228257174 -0.010584316268154926946 -0.29771146408756582469 0.95459143507317167909
1724415918472123720 -41.644270669487042369 -5.9101444434877858924 -0.49613525064451396984 0.0015509606825924915265 -0.010163790155446137536 -0.24500897259567294695 0.96946629401864692355
1724415918722496214 -40.742258029083075144 -5.847163744466880253 -0.5108405843932112278 0.0034711389075193790042 -0.0091093449096406649973 -0.19542436322003892135 0.98067032650633623181
1724415918973260311 -39.793087743453327221 -5.7638068318463631101 -0.53054514189078283426 0.0045335150880034301782 -0.0087440012333092551056 -0.15121910020721673895 0.9884511993092517379
1724415919224485527 -38.800070316804024628 -5.6417178342228302412 -0.51430839945818018766 0.0057970702201109404125 -0.012190883077144189922 -0.11509236319896290479 0.99326306902045879976
1724415919475688223 -37.772958635153294438 -5.5288603410228525092 -0.50963709546054403177 0.0032603008538311327967 -0.013318487241876536542 -0.086387123006680652249 0.99616728179285174427
1724415919727026911 -36.703675367936455132 -5.3775488496649597181 -0.53549642241490413852 0.0085640508942411621568 -0.011644187081175073895 -0.065485030066735616661 0.9977488565649466068
1724415919978300014 -35.571765707944635437 -5.2830057183891110384 -0.54990694129801898082 0.004388753981480747815 -0.011848964299591041235 -0.050869194317221470836 0.99862538819771340393
1724415920229507125 -34.403342990051093864 -5.1838511451813795716 -0.5391698992924656153 0.0067605048341955881197 -0.014813686236692290288 -0.041742438033532482111 0.99899570526678660443
1724415920480462757 -33.217885569088807074 -5.1147641593116146552 -0.55188753951339042381 0.0066722851075726036241 -0.015354463620662875747 -0.037408951900573979288 0.9991597927138908819
1724415920731259486 -32.002868311860595441 -5.059639373021099118 -0.57163238017946760294 0.0056303347902713464859 -0.013856466647768773959 -0.035314980712584057021 0.9992643042756299554
1724415920981968757 -30.758725284373035436 -4.9998445557459385569 -0.59755742513260090565 0.0071132777609430519403 -0.011856322765478901488 -0.035252400563521156529 0.99928279137813891264
1724415921232234846 -29.484228833458722363 -4.9998846263018146274 -0.60048631068970881319 0.0072755278184422466498 -0.012306707377975172057 -0.036528085010561858748 0.99923035915345226332
1724415921482506228 -28.17944137948367711 -5.0099378484935277456 -0.60284023012071286107 0.0079184255506119152063 -0.012869370810413959666 -0.038036293089392797517 0.99916210808845296043
1724415921732729460 -26.843878645018918405 -5.0314849449948715332 -0.60008639059907020741 0.0076402287652777784235 -0.014999832889388612506 -0.040053693312779553581 0.99905572095339612027
1724415921982666471 -25.490856344098727249 -5.0595457661127678506 -0.59937558214849895322 0.0075598538429647284612 -0.017511424142839442791 -0.042330190664651913546 0.99892159531799928907
1724415922233002655 -24.125817074206434398 -5.1291085253323487336 -0.61814654625885745443 0.0066731515542438049268 -0.016571526021852443084 -0.044685148419468405379 0.99884137433547048879
1724415922483054821 -22.753858451080080982 -5.2009985534496188109 -0.64786673169719577459 0.0073374650689537086745 -0.013852801715031866706 -0.047275174151002873069 0.9987588895223901142
1724415922733135169 -21.368135200920256977 -5.2894433958412570007 -0.64883816982355146941 0.0070365457702103034743 -0.015358988586753356473 -0.050135744628237936815 0.99859951712575334426
1724415922983109342 -20.017206971361776624 -5.366180471795310325 -0.65089381784034039402 0.0084312582916114976045 -0.015897584815243757245 -0.052360166923948930906 0.99846612040687621192
1724415923233119246 -18.692761401491043927 -5.477551309739284946 -0.66234776146535767616 0.0080770758244298468398 -0.014642296322374266995 -0.054714308155072499673 0.99836201274269531503
1724415923483122889 -17.376899783857062687 -5.5987163895888176768 -0.65564004428674627079 0.0062441371162948022117 -0.017058767372426775905 -0.056863439349303976367 0.99821668913757111152
1724415923733057835 -16.093227488716653539 -5.6982179091396005788 -0.65314663569186859338 0.0089839947618194568313 -0.017662023900495923273 -0.05897011325510857771 0.99806305737289846558
1724415923982887014 -14.840409524888675818 -5.8285684528188212994 -0.67107380287087614601 0.0046645071985763862654 -0.016596440555685817303 -0.059332978639424653611 0.99808937384346974042
1724415924232657065 -13.588792290500428805 -5.9188683543895974637 -0.67669272551324199938 0.0077077356226961891636 -0.016729379810510775634 -0.059070536866065906367 0.99808385937108545782
1724415924482327035 -12.359126306185329369 -6.0240196868161506316 -0.69206207806028430252 0.0048581030521396856986 -0.016091331841644559986 -0.056710578504870601257 0.9982491563532321921
1724415924732074044 -11.140335305621791306 -6.0829387990419485632 -0.6949071107991322549 0.0055435251565773818044 -0.016773456914034118315 -0.051375392353369950249 0.9985231542295495144
1724415924981396328 -9.9545866909694318281 -6.0937338429908702864 -0.71106542922719939703 0.0059255439483636030557 -0.014476341451764735205 -0.041184325648054152802 0.99902911608621458583
1724415925230792053 -8.7651630715247339509 -6.0464962246650229005 -0.72091618757276376694 0.0048081947181051907722 -0.015020309523773143698 -0.026102317338689059317 0.99953486212083342277
1724415925479580529 -7.5835097977941989811 -5.9116383046105696053 -0.70274167012086963258 0.0037762411600777744461 -0.01915442005849971735 -0.0040667807367147697922 0.99980113497103151321
1724415925729038714 -6.4554299685304865619 -5.707605761658323118 -0.70209988431511771712 0.0044377953731135899584 -0.020577512692598911442 0.019100274928441372813 0.99959594409004570714
1724415925979061960 -5.3933309633492703128 -5.4431719116053969287 -0.70732245460561582462 0.0048142724281202645825 -0.023508612690489694846 0.044248289945724231242 0.99873232487350460662
1724415926228723647 -4.4326879457205183854 -5.1289300333921081787 -0.7228484574288621678 0.0030717028412751965806 -0.023983516506824290732 0.069565761960764457839 0.99728429263697926377
1724415926478840573 -3.5561707606030714679 -4.7575133985796105307 -0.73340363794433605094 0.0030247504190271754659 -0.0257050034951165976 0.0959780019045766708 0.9950468967996549674
1724415926728282051 -2.7683549468787713721 -4.3398378882250927546 -0.75988169330249966116 0.0020070147430572573242 -0.026430243972309360595 0.12583866496056633766 0.99169654859555078641
1724415926977799842 -2.0667874200053297784 -3.8363307570472247043 -0.76220795857715650801 0.0034986864637956737248 -0.028878050928693384941 0.16171745208434129548 0.98640827402193687057
1724415927227011373 -1.4738729437957416302 -3.2567476387402520821 -0.78920762911211450596 0.0032945936635108575424 -0.027856606603120153548 0.20258638349471025375 0.97886256049748132657
1724415927475894966 -0.96407837018525843753 -2.5900913301387094023 -0.82522242982024329727 -0.00085951039153945609211 -0.026731130178355294591 0.2526274464142852505 0.96719392121718372746
1724415927724890524 -0.53455210552002530022 -1.8391963513025049171 -0.83642898409474564225 0.0014874644919565540267 -0.027090619973882030386 0.30192138283008640443 0.95294667445182057453
1724415927974156179 -0.2211540629762193122 -1.0310038029190233821 -0.87387879721280570244 0.00037569059442471569718 -0.024888854205244167334 0.35791774866212522355 0.9334212816223781406
1724415928223214614 -0.055506456248969188172 -0.15014690845839828715 -0.90047794066468933583 -0.001790158716392129673 -0.025838627226424312755 0.41960567988085339941 0.90733689117468974139
1724415928472625639 -0.031037988559213136597 0.76097022447712181492 -0.93244427344323355111 -0.0014223736894725701792 -0.024780118330460183806 0.47978703919171922232 0.87703381896723886513
1724415928722174225 -0.14934917398931429888 1.6759783711624109959 -0.95608371049164886379 0.0012521774322829055861 -0.023647011281917408587 0.53989772735873309273 0.84139746547157268086
1724415928972007635 -0.36212881718103229201 2.5677251381626144955 -0.98993144897526552661 -0.00048939909235268610772 -0.023579937704043242575 0.59720898589729720651 0.80173884413188023501
1724415929222554910 -0.67481520708440101419 3.4450359176681200069 -1.0145026101489442727 0.003109239616331111334 -0.019287104948616250882 0.64813694851939984698 0.76127316790733534635
1724415929472770819 -0.99482877369950006852 4.3337617126675000989 -1.0049606504020902609 0.0031199483701453106614 -0.022649210217463546652 0.69151815369177871418 0.72199717611179503596
1724415929723389694 -1.4086441701463938703 5.2095515176698352633 -1.0461508321921306752 0.0014756750520828595865 -0.018725766603331590876 0.72979445493078631824 0.68340853199278595032
1724415929974714153 -1.8523048305113136713 6.1086101013682254646 -1.0596720720937300442 0.00099244718755532460377 -0.017934628136013357896 0.76041749103852485092 0.64918610851194125111
1724415930226625278 -2.3190323659013705182 7.0223736524767010891 -1.0692896077911013819 0.0011515998982425603055 -0.017221979256997560492 0.78310653731667667632 0.6216479940127132009
1724415930478221249 -2.8033609763284750294 7.9561061382738174075 -1.0820267427439422825 0.002912016372504330243 -0.014124499622948231622 0.79870176396924119633 0.60155424601898555004
1724415930729796448 -3.2673561141210618608 8.9248940002429399954 -1.0589456718961196557 0.0057097349167462086231 -0.017225953159860536712 0.80911191006021099259 0.58737431205631651654
1724415930981386866 -3.7157636926182857628 9.8624267135842274001 -1.0656863705902930306 0.0070490567903700694641 -0.014689443655003856654 0.81407923576965768309 0.58052521817072066934
1724415931233125527 -4.0757423924601594578 10.801242524355226138 -1.0738680972264433855 0.0068385898438105777869 -0.014750436341992308187 0.81196900321309850579 0.58347407494917591375
1724415931484595639 -4.3718254934373872445 11.737649985876993597 -1.084546426631501248 0.0052329761036019597706 -0.015545662754013112386 0.80621166225604667943 0.59139978354153976969
1724415931734801871 -4.6945850980626673277 12.676044004490687911 -1.0760465521679480894 0.0066244436103600479182 -0.016581667831714070466 0.8037222587024650533 0.59473666097271959963
1724415931984769839 -5.0038444727711830495 13.596411294507554146 -1.0839346210116385105 0.005763351979016235159 -0.01887442750544790146 0.80226451905889339944 0.59664242324822147623
1724415932235075518 -5.4961491953417604961 14.46972352658078087 -1.0929970917781861584 0.0075847361215695841691 -0.017663165845945853066 0.80137486792067236241 0.59785349828815903539
1724415932484886437 -5.9929339415643037015 15.332255785454378838 -1.1064910164483772181 0.0077620268832598125069 -0.019378952037088476024 0.80028464530506493446 0.599256784396767328
1724415932734158240 -6.4914857982097169398 16.177129636188489314 -1.1221590044472042891 0.0089747648463695747778 -0.018678273183171705679 0.79921522071506612139 0.60068761156212902019
1724415932984452740 -6.9695833190257419076 17.00939357131909091 -1.1440338672137200238 0.010270431207668889034 -0.015567117244298489531 0.79578733584924621347 0.60528893861152766043
1724415933234427400 -7.2555920524669827998 17.866710714487801681 -1.1657917522240255348 0.0079723014027657055497 -0.015856361373448899649 0.79073904020810714677 0.61189606021374243205
1724415933484787005 -7.4995919307678118315 18.712038257873778946 -1.1865097913046511735 0.0067268974621759900986 -0.013032219548910954285 0.78449290989324604872 0.61996434125793864478
1724415933734669040 -7.7124585113845336437 19.553027373748854245 -1.1962519982937958041 0.0068451492022728972417 -0.01066582542316082266 0.77681711308266443439 0.62959872690655560579
1724415933984676140 -7.8775793803482256905 20.381192633985058649 -1.2126984191080616426 0.0033597732744132234074 -0.011146176929707275402 0.76897429831090846619 0.63917368781939243316
1724415934235149712 -8.0043498610754326705 21.229338344422551188 -1.1921910820225234406 0.0051059151553074274416 -0.012198278831246410145 0.76170577646240100744 0.6477881148398698663
1724415934484720908 -8.1354782282709461327 22.061212560206296729 -1.1766480778362855553 0.006975148436648071458 -0.012442908062985400669 0.7571039225074212009 0.65313870798406958862
1724415934733947288 -8.2787710013963806688 22.877638725842203371 -1.1508018819917762432 0.0076503312085493971675 -0.014715049428526702849 0.75622325148272639961 0.65410345792512702978
1724415934982799943 -8.4709085505184074094 23.6644057054732464 -1.1513631585785721878 0.0054008358673012287626 -0.016125186906098421674 0.76117910212731554331 0.64831873627393488135
1724415935231420833 -8.7335422815559784482 24.431780057382738391 -1.1616241670460725199 0.0053102608646668865086 -0.015235168979895526153 0.77197574825026782364 0.63544719282497585944
1724415935479780053 -9.0866764574184468728 25.162151598154828491 -1.1644958105997242903 0.0069494895926121768789 -0.012736304208980201574 0.78809547454458250826 0.6153820066851544146
1724415935728495352 -9.4656580602959081716 25.847657090365284915 -1.1728450727267145659 0.0058491887184753867807 -0.013601320936811413242 0.80493701096503211811 0.5931755216112591933
1724415935976938358 -9.9127023203714035304 26.437418459061809983 -1.1738805090982631363 0.0042885350871113897195 -0.016664270053869952026 0.8269862953553138718 0.56195869765034511811
1724415936226277630 -10.465454307374251641 26.898358051918908274 -1.1753257173454310092 0.0059463920605240111472 -0.011979339535170861059 0.84909651714164480207 0.52806840506102259436
1724415936475574539 -11.042307747388232286 27.295179890153018931 -1.1771862420516425729 0.0043893668616018996498 -0.012230223817884021062 0.87157218061728547465 0.4900949796294067351
1724415936724997104 -11.663654150484260796 27.609123065452717327 -1.1716911897986497237 0.0045127078898156555362 -0.010478894665897560065 0.89319875851570063041 0.44951730336005196742
1724415936974350381 -12.303643037645560554 27.855035138472317158 -1.1651293103601889634 0.0047766004904781977566 -0.009918878128274747491 0.91333077053050082394 0.40706965441628351066
1724415937223972717 -12.971731741811600713 28.003189210313841784 -1.1713712999021372863 0.0017843643591068220587 -0.0099737440212583419741 0.93166028728447813911 0.36318927513217663661
1724415937473690213 -13.699134287352636719 28.102189605779550163 -1.1557414755573631737 0.0042981883197677770228 -0.010152956324483429149 0.94792835863525559681 0.31829274253446487863
1724415937723680926 -14.458271723472050141 28.114495276965101311 -1.1496769018277257501 0.0041415174556480834414 -0.0067446495186276487696 0.96254883525806278488 0.27099279931279007805
1724415937973822431 -15.229150578674394367 28.119940566414562966 -1.1410590790754955304 0.0029012618049062805468 -0.0097554251554308208522 0.97419241918141818992 0.22548956687490551154
1724415938224453442 -16.045544157040822597 28.044477663253516653 -1.1235234425504898592 0.0038168699939563157687 -0.0057862711747864118556 0.98292322240862572968 0.18388553346901648222
1724415938475248663 -16.886635267500466284 27.96120816192825842 -1.1013141046002525858 0.0043965325273674022225 -0.0036730015536667768791 0.98890646615777033634 0.1484290428207123147
1724415938726197414 -17.757959595987841794 27.883813483395741173 -1.0762816079772521416 0.0050706354156839746408 -0.0039512272492845884955 0.99290593056741527356 0.11872863809444106353
1724415938977261638 -18.667655160246766854 27.80266187456694027 -1.0459185170136775511 0.0066184262364041932664 -0.0021783324787076840078 0.99537036372364418035 0.095860786155892954707
1724415939228493172 -19.593656241007810337 27.727167805808917933 -1.0391346433050103748 0.0084030238976385770999 -0.001590844206392304401 0.99678448337944824953 0.079671526269133097209
1724415939479356931 -20.55059129420375541 27.667974780291462622 -1.0387229623093867659 0.0090033720035832039835 -0.003581952609264217862 0.99768093037299254711 0.067371136832846942322
1724415939729682088 -21.553196634054710756 27.573979036673659238 -1.048872327917360403 0.0081080935919193332373 -0.0017565693843114079265 0.99840653076007979116 0.055817314678551777085
1724415939979737717 -22.600278862735510899 27.46171425077421091 -1.0725534490235815177 0.0056113028790439429747 -0.0014233408663641797676 0.99905480640325250441 0.043081100071115797923
1724415940230494795 -23.707136861482350554 27.361543775206023099 -1.0621870595927649372 0.006709420366592424613 -0.00058209704835066359511 0.99947413323641864924 0.031719108321019144625
1724415940480873695 -24.85682027691566276 27.262312717519034067 -1.0536154610202086435 0.0073486314072788994078 0.0012918566464913327704 0.99968692752310372995 0.023882538857109999325
1724415940731247530 -26.061479531027423207 27.176246066914966804 -1.0406676447820173426 0.0088527203654582813791 0.0010962594937053689401 0.99978571265512228283 0.018680372799885623658
1724415940981758748 -27.311767759947581879 27.117443928560760469 -1.0414295368907591222 0.0092661013594360439743 -0.0025103083740856506345 0.99981152793261407474 0.016874428301881568698
1724415941232059471 -28.604780089786665087 27.056047042956482329 -1.0394164722942258461 0.0087901236736689404572 0.00070588988025179117986 0.99982120130136853398 0.016727249432205555657
1724415941482216166 -29.929054317102938398 27.047487414997288369 -1.0420800898903905818 0.0081137718354651923447 -0.005522716101076521715 0.99982065131390540635 0.016196651496741255177
1724415941732475336 -31.272462840942079509 27.000605534420206055 -1.0350144503860108092 0.0072074609656046402517 -0.0033283404901808151533 0.99982523854048699352 0.016925337026748477065
1724415941982525474 -32.619423310283217177 26.955381829762867341 -1.03768535958302488 0.0041984478206406831285 -0.0028904370399091697599 0.99985703816852344872 0.01612208530195967035
1724415942233292720 -33.988976890885460591 26.937632975633249544 -1.0102877003929691124 0.0069379067735836318087 -0.0058458502154055931935 0.99985711717965419787 0.014263124133632842927
1724415942482610105 -35.318063783315650994 26.88425987990086341 -0.97673850550318930264 0.0097833123768719994912 -0.00312960230900600914 0.99986956311760866178 0.012463913483597018408
1724415942732154831 -36.603506331863535195 26.818991200097261896 -0.97043421663996409787 0.0093392285105055837524 -0.0040322762191885011193 0.99992608578649577744 0.006659018172245931115
1724415942981282241 -37.856536034033432259 26.697316580461400548 -0.96634615813096880199 0.0094057470493599578537 -0.0051878313614573193235 0.99992774265111994403 -0.0053970181437501315441
1724415943231490702 -39.082705026674673832 26.490326279998392067 -0.95910833131080841518 0.0088975459924625494024 -0.00020534860929073475429 0.99975587403465604464 -0.02022334889333898475
1724415943479917220 -40.259440581872617315 26.259863086664932297 -0.96421619425502280709 0.0067672933325987547071 -0.0041666861859467468898 0.99915489688363456899 -0.040327837787711512396
1724415943729599137 -41.395480377139186601 25.922421592143823688 -0.96264448418262194007 0.0056102196815954559136 -0.0051644984893500162429 0.99770798113319802969 -0.06723568824363931884
1724415943978891397 -42.475289845566393865 25.471125711914901046 -0.94380685619100090911 0.0064118813748873723646 -0.0032434260710160114222 0.99496954268070036953 -0.099919853394178165251
1724415944228207317 -43.502371971606315526 24.934605261418067101 -0.91597603497126223182 0.01001805036140366971 -0.0054518798993666720346 0.99060436281625297017 -0.13628247151385577962
1724415944477671108 -44.434327286597032014 24.280345572495935613 -0.89053669434638726976 0.010833384566790192627 -0.00055278144360416665674 0.9845308590418451189 -0.17487515491295532732
1724415944727094566 -45.271453809896179621 23.581500525614227826 -0.90223184764891917187 0.0078414794369830488618 -0.0030711580944885390025 0.97624602763688128615 -0.21650120718233337169
1724415944977014366 -46.028040228083334284 22.818314719815017355 -0.8990389039425511486 0.0053754716638359373304 -0.0011308346064880262991 0.9667858428015847494 -0.25552878443712212508
1724415945227071640 -46.69212518793749922 21.982506075335447093 -0.90063528188674157882 0.0029116776111661867715 0.00090439233994192265789 0.95588443786419075021 -0.29372716193270975715
1724415945477055016 -47.322630995630944994 21.09447857441133678 -0.87592690981620469071 0.0051528222691227705543 -0.00051597356242206007023 0.94332542445531364361 -0.33182875970920266973
1724415945727052558 -47.879543524835092683 20.140805709068114737 -0.85973241811660894296 0.0065235994512344705129 -0.00013004090916430747311 0.92915821726414893345 -0.36962471918159139905
1724415945977023035 -48.368814784176592525 19.138250688520923148 -0.84348095462769956399 0.0088698992112448034331 -0.00087022618403231140252 0.91312228986636878592 -0.4075883356323753981
1724415946226976045 -48.745120144679738416 18.07965325123810274 -0.84027070021699934443 0.0087277295581577336164 -0.00098044768255935318101 0.89473368339271552863 -0.44651371900716052554
1724415946476787513 -49.020049851484536418 16.968021616351482095 -0.83546528828961386104 0.009406900139771428096 -0.00059147218486593842578 0.87331391443806816177 -0.48706669691046772241
1724415946726615347 -49.190331084746276247 15.822501149728241288 -0.83823057781285992274 -0.0080557833935499343486 0.00039085633817575305251 -0.84976822148766895104 0.52709479350010934873
1724415946976497650 -49.254719234557967411 14.640297650146925079 -0.84037868332598253396 -0.0064018682818558223305 -0.00057245703691456738867 -0.82373575358672845859 0.56693747154192175586
1724415947226154482 -49.2043506201533134 13.443214669401386985 -0.8340483698851286487 -0.0073880324664944048429 -0.00049352844604401966723 -0.79578636359463728045 0.60553219313490713738
1724415947476741265 -49.057762328156648834 12.236934024419690914 -0.82196326658083740391 -0.0060116291607934481053 -0.0014165107207602277081 -0.76836984548173525855 0.63997627640920040637
1724415947727319076 -48.86187153190273591 11.04324213192168358 -0.838522198128015539 0.00021953478419965143944 -0.002790066911468251469 -0.74669912400174365263 0.66515606104592994718
1724415947979179304 -48.720041357066897092 9.8292676946118664461 -0.82230424729213291712 -0.0036128489022852318738 0.0004490229789670337787 -0.73109188870458985399 0.68226929871681107898
1724415948231618326 -48.518053727095164618 8.6415369244116391201 -0.79699161458621037291 -9.6470082233854684284e-05 -0.0032023862117342952356 -0.72048491048531104752 0.69346321400565091864
1724415948481830163 -48.359445828526446576 7.4904225122886423094 -0.7848952809334431846 -0.0022741714681957995829 -0.00094604843454483013819 -0.71329121971073961017 0.70086344534442512888
1724415948732676803 -48.188229392478852731 6.3425853506646401314 -0.73989390449532532745 -0.0043740163699268327577 -0.0033921787849239218998 -0.70866587053247109829 0.70552253333705905458
1724415948983569258 -48.003312363942072238 5.2364921671161646088 -0.72248696595158934386 -0.00010347069773852975161 -0.008528253256648989783 -0.70763501517059890222 0.70652667571345884046
1724415949234393832 -47.930421221929030651 4.1438058816468910095 -0.7037606324750269593 -0.0041124823454381708929 -0.0052525084584817052086 -0.70911463042836297976 0.705061656563664374
1724415949484747110 -47.841559487290865604 3.0538293681143615643 -0.69484119459621052073 -0.0026393148172049172608 -0.0051023684059178084013 -0.71138576872271752638 0.70277826368829465764
1724415949734970263 -47.743178897146933082 1.9559386421237690001 -0.68457974026743362295 0.00097977145031932148626 -0.0069992781003232222223 -0.71357669852787697362 0.70054146591906674146
1724415949985114546 -47.714346870205289974 0.84980819963833409414 -0.67026328511994548442 -0.0029162894326640845417 -0.0023690939267400961885 -0.71666176476219156655 0.69741078108805609759
1724415950234933006 -47.689289645805224893 -0.27540944440798581505 -0.6451104893782766414 -0.0011961839006877173028 -0.0048529573822133466668 -0.71998163901105804996 0.69397511298004954661
1724415950485284249 -47.705055410955068851 -1.4039523183927742345 -0.62416487822793997875 -0.0023281652226863499243 -0.0031394469025477025372 -0.72303241614136359861 0.6908030462647252179
1724415950735366979 -47.743627931825812993 -2.5358698340787686476 -0.60801564515695105673 -0.0037253471858149952815 -0.00016689592296626265598 -0.72683498158832071656 0.68680201184446254548
1724415950985330142 -47.784049706487614628 -3.6690216247914313463 -0.58268225819010677213 -0.004687782019160298061 0.0011543539654698493566 -0.73022872705277930283 0.68318569829405839666
1724415951235262356 -47.868971004697364435 -4.8014147717270345694 -0.55219261288376275676 -0.008690238295933065682 0.003628685226220171485 -0.73337049718201718917 0.67976394892998714958
1724415951485151395 -47.940579198451516163 -5.8995410875776785886 -0.52096378386763142476 -0.0089019565749458278575 0.0031246223691064711585 -0.73573360248816166429 0.67720532933075783255
1724415951735015582 -47.984759823127177469 -6.9773422462269767408 -0.49166452686215050827 -0.0073908704191821047308 -0.0022898082979058839367 -0.73773371610446158986 0.67504747680078591721
1724415951984785039 -48.08679052852110658 -8.0193460920805570424 -0.44620067647240641007 -0.01335053062816490832 -0.00014399863086563658527 -0.7389079306073853548 0.67367411459982062816
1724415952234711928 -48.131477080345391073 -9.0404064465215832058 -0.44539017969444322231 -0.0077051911326005912209 -0.0052270468625538945781 -0.74074830637971944558 0.67171813627911214351
1724415952484686030 -48.208853493286433434 -10.041507713397324508 -0.43715282425680013212 -0.0077605919471254464909 -0.0065240319412915625044 -0.74185534609643122295 0.67048330008136891589
1724415952734346723 -48.312926098902273964 -11.012132274782839403 -0.42452185894547606049 -0.0097265628434252716927 -0.0041730018882596602373 -0.74318793315233400154 0.668999010497964397
1724415952984357684 -48.386104484383430702 -11.946891081853282301 -0.4394827813818624751 -0.0058663831410058139837 -0.0035725144136461244558 -0.74434335267126117142 0.66776178089473947619
1724415953241272194 -48.473010777929758319 -12.90082501836078599 -0.43446678878807476476 -0.0049548988191560963679 -0.0030969381919967076296 -0.74517158781992198779 0.66684718088739258768
1724415953484098724 -48.548416646377219763 -13.779463879663651937 -0.43424914459409014178 -0.0053164549581769925818 -0.00045346077863986052666 -0.74387512044612891238 0.66829734015725139606
1724415953733650723 -48.591073375907463117 -14.670190175925048592 -0.41552800552111501808 -0.0063720723267960150543 -0.00071412885124885446333 -0.74053131310746311833 0.67199126558429489453
1724415953983021455 -48.585846038319743911 -15.537744410707059473 -0.4008984644527038288 -0.0062595263815576488234 -0.0014602692927165976389 -0.73398849269529042871 0.67913148839820880465
1724415954232282681 -48.528436305471032597 -16.394796031269738279 -0.38507764433054975095 -0.006957305437204257606 -0.0020825944658639616684 -0.72416204249810178784 0.68959161458527129529
1724415954481674841 -48.422616074116362483 -17.227435406741122392 -0.3730791616945321465 -0.0071623419496561271935 -0.0024727170497113679787 -0.71206359351015569015 0.70207408820265715388
1724415954730571052 -48.260189248074816248 -18.038206143809937032 -0.35869233993527288584 -0.0090522249139290481001 -0.002817618815225484373 -0.69621774675582059899 0.71776804564606244696
1724415954979981137 -48.014603677087748679 -18.806858219410891309 -0.35169443574120778928 -0.0083606179496452624755 -0.0029945076507055579974 -0.67501868103611128991 0.7377471878927758242
1724415955229045781 -47.669057368709324862 -19.53524080107943206 -0.34531911509811830108 -0.0079300048852648085534 -0.0033727127933254716537 -0.65006885105472800301 0.75982644644637054032
1724415955477925180 -47.216020022694962677 -20.200473425212287282 -0.34657380180947056081 -0.0052966392295326911524 -0.0034434982767806835736 -0.61785390462859468563 0.78626753746271993428
1724415955726840499 -46.683697071368293052 -20.818745324893971116 -0.35541852004304813617 -0.0029394250149202163884 -0.0025577686287813678791 -0.58106376297007999998 0.81384870889083171797
1724415955975596261 -46.06771657235260875 -21.397604706971637967 -0.3336148863053036151 -0.0051552813620694493482 -0.0040345300281613661816 -0.53856719259388863286 0.84255713438500223766
1724415956225222497 -45.320683995516503728 -21.867781649433279512 -0.31683705906655657003 -0.0049048559872874476079 -0.0065329521364462768765 -0.49037613009165270661 0.87147261228363404051
1724415956473349580 -44.490480607669624646 -22.226993921749162553 -0.3071197639041948757 -0.0060292337714164213544 -0.0076927554895363878945 -0.43457421710419635863 0.90058298878081322059
1724415956722864293 -43.594027090350046194 -22.483658769873077432 -0.30535246440580809946 -0.0046347513365478645517 -0.0081127442308885130279 -0.37618214602438715399 0.92649862140943284317
1724415956972827846 -42.653060702922708458 -22.677080838246276073 -0.30328380431315538068 -0.0061866376605781547154 -0.00846804774780214424 -0.31754323394464295527 0.94818580049364553641
1724415957222997475 -41.629181227806761001 -22.733314438709292915 -0.30859374714481929702 -0.0040140502919622390171 -0.0096544642080070644519 -0.25849045292480415936 0.96595722703846420565
1724415957473663061 -40.557879271068571825 -22.716527126970280648 -0.31750440361588622151 -0.0039010020524292070114 -0.010857475487338353812 -0.2021752208802101991 0.97928140872328772737
1724415957724131224 -39.457835899428644666 -22.622347359961299418 -0.32881927301107238826 -0.0019015131992853198748 -0.011004288291214173526 -0.14974840399123473533 0.98866106699355527088
1724415957975184194 -38.326008385310075255 -22.486020359987357153 -0.33611627452214887235 -0.00062899857684191947012 -0.011489025364651957867 -0.10416209529306219572 0.99449377301274244356
1724415958226661921 -37.183525758411583695 -22.287302947056687685 -0.35104098004693534696 0.0023922189421559125234 -0.011900225875471751036 -0.067497877215097562553 0.99764557758960703548
1724415958478073917 -36.008850050877420301 -22.102692436895267747 -0.35501675287539813386 0.00051261972840309713573 -0.013991140707975434354 -0.04095422979250638168 0.99906292908144977982
1724415958729621502 -34.796198234310452335 -21.900834864021970105 -0.36032449020969481435 0.0022493049508463119901 -0.016021181295014789298 -0.022795533862157060789 0.99960923665855028197
1724415958981023834 -33.55236428733546461 -21.713437279105491484 -0.38162430483134607284 0.0020355545753410991643 -0.016583515652462531981 -0.010876236027982965834 0.9998012557583826343
1724415959232259115 -32.296453818769819577 -21.561502170467999662 -0.40588237046068204039 -0.0017232115541363755579 -0.016468741342670477346 -0.0036928130099294844031 0.99985607675935106453
1724415959482980842 -31.011679497315451925 -21.381970654160397771 -0.43430889463907118575 0.0027921719204278784218 -0.015481276023963581531 -0.00070945812432827309608 0.99987600758184302929
1724415959733287012 -29.693015677323742807 -21.26028080658414865 -0.46180440752380769176 -0.00067399502054237838636 -0.0145175363923123555 -0.00094821405874603956632 0.99989393825440753272
1724415959984061053 -28.33517004186126087 -21.121859496489619801 -0.48481559328370649187 0.0011922545647548637646 -0.013694028904215622966 -0.0030800892473039844129 0.99990077765328888582
1724415960234337438 -26.956505401258283428 -21.030443312093225927 -0.48761177866637261946 0.0010219285589523345766 -0.014806054248466773982 -0.0052029570199705072603 0.99987632518119951008
1724415960484589243 -25.558035139037940553 -20.956485932654196347 -0.49522503864470512891 -0.00043244408373435114018 -0.014733876069688961116 -0.0076137957522669340998 0.99986236852994936353
1724415960734607315 -24.142653409257643915 -20.879118750951739969 -0.50308748822735005479 0.00086722206042548152533 -0.014905470802037709341 -0.01022243249725892679 0.99983627496700999693
1724415960984596196 -22.724040524184523804 -20.813717567002591124 -0.50666899769492690364 -0.00025529710291730931026 -0.015734841979624270003 -0.012121842209505458848 0.99980268578990805217
1724415961234731243 -21.302468516978979807 -20.789977307861335021 -0.5227057571238693523 -0.0022561742836461509513 -0.015026488651167790866 -0.014721155888632523126 0.99977617589424527811
1724415961484580295 -19.867225460249162694 -20.753416993387325817 -0.52540695770550704946 -0.0005922436283629643099 -0.016767301393514608132 -0.016674080033870643247 0.99972020180973020231
1724415961734339316 -18.435808939098009773 -20.741883470389186783 -0.5398418899115099423 -0.0032097349864385993183 -0.017061698217508625836 -0.018187202084192739121 0.99968386089583360921
1724415961984165249 -17.038699255032113911 -20.708781555854820056 -0.55568021281284973867 -0.0014678524809058825663 -0.016165851754922043459 -0.019514815820575695526 0.99967778939497353718
1724415962234223695 -15.650664306666520531 -20.698576478764550757 -0.56447504838023276896 -0.0012179388313661345788 -0.017246494513988887276 -0.019812253218668283289 0.99965421505357598964
1724415962483768918 -14.281591966913349978 -20.654692340597545552 -0.55828401496665835957 0.0017884127199082561297 -0.019457808235163149418 -0.017651979188632434259 0.99965324133388910877
1724415962733247759 -12.948516285216415511 -20.638417935247257873 -0.58423489462546451811 -0.0048943640066878100342 -0.018716796063734088273 -0.0131409267190965625 0.99972648399001728947
1724415962982636300 -11.648676641109906527 -20.507795901784753312 -0.60823805544165965298 -0.0011306706802696481901 -0.015271236586661447385 -0.0017454794602012424325 0.99988122505544696494
1724415963231827505 -10.353755858286611158 -20.347072840695318519 -0.62762568217395386938 -0.0084989250439080708116 -0.014844154035467436309 0.018128336362789633507 0.99968934313855073448
1724415963481013188 -9.0775639874228239989 -20.056178230983174871 -0.60479958989823856541 -0.0050550102508479799468 -0.018696317498001355922 0.040721192930966279566 0.99898282218947909161
1724415963730506521 -7.8367226092215647171 -19.725434171375233916 -0.60221518165720189231 -0.0035584390273586397058 -0.021104223626542295555 0.06341023423331784703 0.99775803251654415771
1724415963980349731 -6.6281740350809936757 -19.341659674669998026 -0.60690007658918621036 -0.0051256820118620724167 -0.024178137100427994632 0.087168344052719226589 0.99588695385840519947
1724415964230085727 -5.4677148072212800045 -18.87095010408905793 -0.62511751753373590024 -0.0034671741948554971394 -0.023914659733139217307 0.11173100494719824527 0.99344463876274435865
1724415964479800922 -4.3596899474850490108 -18.322566058045165249 -0.66822883067826621684 -0.0013810305555088707788 -0.020848883627804948998 0.13880931022337089642 0.99009867801214190841
1724415964729410314 -3.2736305685352737882 -17.737306333255187241 -0.68160759112587199215 -0.0041480791154476061647 -0.023065146691042683058 0.16636857129567084179 0.98578511397403967287
1724415964978882464 -2.254456713441832072 -17.056696575525140958 -0.69326480839587278915 -0.001883284698466571299 -0.023711440111965968042 0.19654481285822589243 0.980206283077744156
1724415965228994605 -1.3016185186558655307 -16.310901339629261031 -0.73207756754110742126 -0.0028351534890561800803 -0.022042387850526996146 0.22754710701531355443 0.97351343551668645393
1724415965478558300 -0.40247637261736379788 -15.508142548333891497 -0.75292779778862717333 -0.0056873526891867256031 -0.023633324532579692845 0.26042808202549649899 0.96518720157462067899
1724415965728359095 0.37895809669581820289 -14.626879460736562422 -0.77715640182789913482 -0.0042207319525341627925 -0.021507506022275548613 0.29620541176163189823 0.95487274893024809419
1724415965977750797 1.0283436429824415193 -13.701142568086515539 -0.82119657524173705898 -0.0068448800796725196849 -0.017277425464056986315 0.33835252490836192907 0.94083590868661304274
1724415966227222929 1.5377501289333466161 -12.667809847983830807 -0.82017407923952700965 -0.0012662060354004579278 -0.017657081622848562474 0.38273117987216481728 0.92369013643347985809
1724415966476979693 1.9500082797114768329 -11.601660705679586627 -0.80272788389050220292 0.00048175248251730823194 -0.020915282544554762711 0.42803458954722561902 0.90352017632245740231
1724415966727028872 2.2457441260115826864 -10.522982267334121786 -0.79991194799649423253 0.0033495987559792649371 -0.021355847179425246213 0.4699674170113538052 0.88241902457228282852
1724415966976999925 2.4420514468764058513 -9.4378504625518555571 -0.82508549017541243931 0.0028277225223080838974 -0.022207808700994466355 0.51154920245499246878 0.8589622987568765744
1724415967227033013 2.5225143509666723141 -8.3172248004163584767 -0.83246721693657321772 0.0039896187115961686057 -0.025519825332668964746 0.55203614403711109837 0.83342001243920449394
1724415967477006348 2.4811710236233772697 -7.1780600429962602149 -0.85312491645154786557 0.0056531805754254510488 -0.025880175269943551941 0.59153391200987071041 0.80584482936833246036
1724415967726984191 2.3347381351464684407 -6.0389248916687119362 -0.88913364211806622528 0.0046778054631620427303 -0.024941531462252992252 0.63095305414224289731 0.77540588185346004391
1724415967977153807 2.0980837826473446306 -4.9123798174570652009 -0.94574352234375547166 0.00089827987164147913776 -0.023595144181438827691 0.66736922395915654338 0.74435259197270364773
1724415968227402365 1.7392455513307760739 -3.7935141020873475171 -0.96210350001713373924 0.0052562084976440145989 -0.02068922058932690447 0.70039530930819771104 0.71343586896280297704
1724415968478098388 1.3437764847145019509 -2.7045637773630417655 -1.0078912197975444798 0.0042582716140324898893 -0.019171242979654130184 0.72766602555080917014 0.68565041079588451289
1724415968728969831 0.93383425288082522187 -1.6196897617541596848 -1.0180705444876572141 0.0040895733848968938637 -0.023087442574152114427 0.74953568286821281585 0.66154856623848623531
1724415968980074041 0.47357248692523806755 -0.56605304618979035425 -1.046580891897197052 0.0047683195529848914143 -0.020426588571946575901 0.76649010462555466905 0.64191349660141849842
1724415969230940911 -0.0074603046671496498279 0.44070798729589732989 -1.0882022569049372152 0.0028934557894053480193 -0.020748914115135307784 0.7823707973873628152 0.62246047735747822571
1724415969481987211 -0.5423279034546450994 1.417285608094219107 -1.1157378908409913976 0.005185796569641435913 -0.017734031694860433875 0.79573144771462112068 0.60536771862379412656
1724415969732824348 -1.0438171380759599938 2.3713613485292865946 -1.1392961102855265754 0.00281752116109249039 -0.020051626360905787372 0.80599604324588647319 0.59157448569623471979
1724415969983645382 -1.579552665096079167 3.2922434354700214065 -1.1639550635904338804 0.0056153104126952712791 -0.017592562749721523535 0.8135342207608020626 0.58122374493475437163
1724415970234329094 -2.0790463919154005268 4.1879746141176843466 -1.1755866525700708891 0.0058852395537234434078 -0.017908024078080429092 0.81849699610526105431 0.57420147509012786635
1724415970484813083 -2.5650635056308219717 5.0588207772776003779 -1.1860951606592153862 0.0048174491824015380076 -0.018800035588636184597 0.82252885433988776054 0.56839214862940612427
1724415970734794669 -3.0725681348140017057 5.8900726968727870059 -1.210597774014419814 0.0043637927793130229862 -0.015897930915922814377 0.82662192969080205973 0.56251613173261671985
1724415970984699039 -3.5722378135887598027 6.705739158269801159 -1.2248686035750124823 0.0014967063762714037829 -0.018215486814955047373 0.83191748504004592313 0.55459828163704472104
1724415971234959244 -4.1065938647729716138 7.4881098548449420704 -1.2285459553679622946 0.0023789408313355719579 -0.016386932587516188364 0.83821733870871040217 0.54508485776893522701
1724415971485187895 -4.6585940398017839925 8.2505238194173919908 -1.2182700978123297553 0.0035166793374717046465 -0.018625020851033298463 0.84635004240931055453 0.53228972118433248717
1724415971734270812 -5.2401900395323783854 8.9625243472862070604 -1.2086070250276077509 0.0053256266781550138864 -0.017740836307551861861 0.85470893120331992154 0.51877696879186152579
1724415971983672052 -5.8529240839547798103 9.6259559272609660496 -1.2109048069865997466 0.0047002815463817139083 -0.01820283807231671408 0.86539139545797671982 0.5007437435523222069
1724415972232939029 -6.501445352037896086 10.236303397430042139 -1.2202823299079139652 0.0029368756198373995384 -0.018903962744015116726 0.87817574189266334184 0.47795541769650162767
1724415972481640527 -7.2193527038317197864 10.76739426009044287 -1.2215908487185684894 0.0030682760077539242283 -0.017751813176091809504 0.89342974676847597415 0.44884156046484663394
1724415972731003151 -7.9763835847878805652 11.222215508349139057 -1.2185358386142457476 0.0026648938145555850845 -0.017627686116570007169 0.90930630541614432261 0.41574536191468769442
1724415972980090092 -8.7578678165844490167 11.596749413785030214 -1.2162995347760903186 0.0017819023182121837383 -0.018417570849518147963 0.92494724234224079407 0.3796448561374373698
1724415973229340397 -9.5725731448442523686 11.864480482689568674 -1.2097559563319792986 0.0011625060533050368163 -0.019486165634613240166 0.94038400381190068167 0.33955391810909119066
1724415973479227673 -10.403993091431514628 12.024889556029050297 -1.2004622655627974481 -0.00012317885830303256151 -0.021096325435884331206 0.95541895234482143717 0.29449882067742844116
1724415973728800053 -11.278450323991240367 12.069108648884526502 -1.1616908225246524999 0.0066125256112308759826 -0.016507278945902679329 0.96856380180207735098 0.24812889006633059852
1724415973978703232 -12.126847034582153739 12.05468709969627561 -1.132553463156976914 0.011095103864383287426 -0.016527384404269842427 0.97909053110974531009 0.20244869998651157661
1724415974228883069 -12.955798358982040241 11.954439936491214169 -1.1218999163363829741 0.011959516132641298883 -0.014837952222974326241 0.986948054565770172 0.15990729419430396718
1724415974479520325 -13.784315196552721972 11.86240685915613291 -1.1062951974089547669 0.01252888180600410413 -0.017775101105662771683 0.99194537921147829529 0.12478556632227681689
1724415974730324809 -14.616338034324995121 11.731586692330182586 -1.1249614199315844942 0.0092976813189868164761 -0.015657323281023222822 0.99528372418301402913 0.095282263439498707247
1724415974981256863 -15.476719687166626827 11.595695155848687818 -1.1487463783992484245 0.0064336146906227098877 -0.011776781708919820471 0.99725214847682974728 0.072856491632114217527
1724415975232321455 -16.353755895400578169 11.491839160028334277 -1.1472940551985839619 0.0042974573796577385937 -0.012850020863321681697 0.99830726654920320939 0.056559794721517259175
1724415975483295250 -17.259243610539765967 11.379711076130444525 -1.1288636756906751391 0.0034257073065107933665 -0.010339120614014860045 0.99888293587731946666 0.045980947440060468412
1724415975733991352 -18.193231807602835204 11.306711083669590323 -1.1237322594487759719 0.0023493255658808419491 -0.013056497311609136305 0.99912899289096390731 0.039563418861692713213
1724415975984575933 -19.174853239490253998 11.222033129711878274 -1.092896363297440443 0.0036117827074100498225 -0.011848123251796360139 0.99928868133346337999 0.035618932604904486594
1724415976235038679 -20.203813428129898 11.164046821548382127 -1.057033708436066366 0.0065176795071922970226 -0.010902458788596171291 0.99938476398372111387 0.032691738458008323676
1724415976485247702 -21.26591735952900919 11.134385488153798249 -1.036566579079377215 0.007178540760007384898 -0.012646056446976902676 0.99941060166806117149 0.031096544540840629495
1724415976735440678 -22.369347820639475799 11.089612136819591015 -1.0180518437768464324 0.0075505695681010410666 -0.0096072286711493311978 0.99941758065472208195 0.03186203908602804058
1724415976985407008 -23.506148469232293508 11.073342560346569385 -1.0096289598374343921 0.0068885367854474681415 -0.01141855397170960483 0.99938100113054872953 0.032554251111840695754
1724415977235462919 -24.690286351007014076 11.073050512735399309 -0.99053763406820094506 0.0073958369257066695554 -0.010201674141272504964 0.9993681292860836507 0.033235065941221456076
1724415977485810016 -25.90960591734105023 11.084417302742954448 -0.97318845203212867023 0.0082069956442323011014 -0.0093398073481423052322 0.99933897488999390291 0.034161769377646096502
1724415977735904882 -27.15068366185207438 11.10040311306003602 -0.9533400429813296828 0.0084904665276903969195 -0.0097662472915279775754 0.99929948699742321416 0.035115063415425994131
1724415977985957391 -28.402446120636625437 11.125716187528221113 -0.9408158833513027286 0.0098872754020141988968 -0.010487724206388956624 0.99924598241760242967 0.036051574839054092991
1724415978236010743 -29.685800189292777418 11.17765362292137965 -0.91465919419752683694 0.011395802123393763972 -0.012985334986557564227 0.99916772602291337169 0.036950941036074221036
1724415978486042647 -30.952605722557269274 11.215578635182986034 -0.93407562138557098663 0.0040503637758275293571 -0.010263669119842605895 0.9991915867740354118 0.038657787953618530374
1724415978736047601 -32.238685182376414673 11.269319347290362998 -0.92856935134530171894 0.0021545973249608163513 -0.010572173252355198184 0.99915724009070272515 0.039602985208427816943
1724415978986080049 -33.518244805423698551 11.321662867423965437 -0.86357807518220885967 0.006902149488768064868 -0.0088480705564368475335 0.99906992796906135545 0.041633532251750836328
1724415979236106578 -34.767773489800994469 11.378939273607539207 -0.82677339803936278351 0.0095605943362301031713 -0.0069751246450724928988 0.99898642296661266382 0.043428900521380209288
1724415979486015829 -35.988345531557278889 11.464713739282530014 -0.80034925997161354694 0.012443971026560519261 -0.010310923382422022485 0.99887115376163060354 0.044668228384400390785
1724415979735935819 -37.181890064730495737 11.539455286506752785 -0.77685965231771603179 0.015370310044644038341 -0.010481474360977557914 0.9987421452816723777 0.046561996333000656156
1724415979985806320 -38.329259533597699772 11.609761543626888169 -0.78320657655840597577 0.013519211762212766589 -0.010293296132415259703 0.99871457811844854824 0.047754271240883279515
1724415980235598981 -39.451112150521197464 11.695231802830017287 -0.80611663024372770536 0.0074674339188204224074 -0.011225978939682428395 0.99871181194295932659 0.04891759921669248945
1724415980485322600 -40.544914686987269192 11.770360706096631986 -0.82129647528379301491 0.0019766166092932721358 -0.012410895760604780461 0.99873089117353786026 0.048771607200398477133
1724415980734448274 -41.633016089360076251 11.794394012305032149 -0.79587796502951269062 0.0016192264126140903328 -0.01038263084485306284 0.99900188536158884833 0.043414423024553075448
1724415980983393080 -42.690911901307501353 11.74297145098964279 -0.76134891255671977017 0.0027901017616134599249 -0.015753742060091061733 0.99958827774909753128 0.023818268825781117176
1724415981232007966 -43.700145969081546582 11.536926592703679262 -0.72083413828719178351 0.0055385899185928025301 -0.013568071993033458539 0.9998758203417056345 -0.005794423190167766885
1724415981481070865 -44.642886417511995489 11.248441170752936813 -0.67750988473705331394 0.0097275396515726312435 -0.0085912135635061864791 0.99928115096067771095 -0.035619480014966085901
1724415981730592323 -45.517496357293794063 10.965403955092890342 -0.64646016993038302179 0.012704198228937133019 -0.013095270153099743821 0.99767722913697465259 -0.065629747131508958669
1724415981979927448 -46.309344378295151046 10.562197055742670315 -0.6228314084189151556 0.013712574268473812569 -0.010695573326456490199 0.99467036938374464583 -0.10162886542786632449
1724415982228782255 -46.995418004708142234 10.036371505282188465 -0.65093140514538383457 0.008355527681242803234 -0.0104364115792890573 0.98918496706760516979 -0.14606288850346907382
1724415982478510214 -47.612200125747946799 9.4409868090684572195 -0.65874279840695437738 0.0049731271764837346738 -0.0091333516011160228998 0.98156345622329888023 -0.1908534288442023108
1724415982727443390 -48.154793802997438945 8.7983752603504505885 -0.66614968644959693389 0.0042192470997019174833 -0.011703567930738780975 0.97084913213377699304 -0.23936830844264761486
1724415982977282250 -48.582415670641132976 8.0595147456557896248 -0.64160719028644164208 0.0037244609546175505566 -0.0043479770712109089628 0.95733888984797732569 -0.28891084000194250381
1724415983226925240 -48.913395746168795597 7.28773881450350558 -0.6238683675014784491 0.0047466794587207447251 -0.0038187697949708622122 0.94076691910500787053 -0.33899924771161460413
1724415983477067579 -49.182157335704737022 6.4491493509644790549 -0.60345007038032005831 0.0057811502103614813633 -0.0041066176542578535294 0.92104705379093609885 -0.38938674694540292842
1724415983726942426 -49.370089647486807394 5.5430194391413545318 -0.58658485517995329062 0.0054743655849798598251 -0.0020889582054048816059 0.89809955921163264758 -0.43975316862864055611
1724415983976785294 -49.493829052141236957 4.5886180727983960637 -0.57707254816402731024 0.005873733897727971727 -0.0027667634771306104033 0.87196983979597852965 -0.48951653981876425137
1724415984227091937 -49.519841525328466503 3.5865833240613995692 -0.58444626099045471346 -0.003170682072838066929 0.0023079807563033370721 -0.84576043071489581671 0.53354841751894921398
1724415984477842815 -49.519085396167085378 2.5348654776396277732 -0.56631599383507258416 -0.0027853820387766705519 0.00063393810862302671198 -0.8215624704972426251 0.57011134600167345798
1724415984728905116 -49.515041410107073716 1.4453400154912032782 -0.54985608885504200227 -0.0044639000207134975698 0.001446886519674708306 -0.80034136682196210799 0.59952621016062168646
1724415984979889662 -49.457221675236397118 0.3084922349601920688 -0.5328796614340604032 -0.0037255990209341840851 -0.00037171809665062304591 -0.78056895388765124011 0.62505846923654229119
1724415985230836933 -49.360339776500879339 -0.84339354545073941249 -0.51713672059517012958 -0.0044716885605248007582 -3.7134900129504746862e-05 -0.76226915027132613467 0.64724473359545142692
1724415985481715518 -49.278709630895278337 -2.019963962881821562 -0.51247840683139544993 -0.0051680856039526832171 0.0022322486633977543097 -0.74979885837495363621 0.66164188193970219221
1724415985732883483 -49.177572175891761219 -3.2397223133514136961 -0.4903626521201951971 -0.0041628548197486766116 -0.00022027384117550316382 -0.74152765217531269037 0.67090935541140983567
1724415985983889991 -49.131439248435256673 -4.47829249097513582 -0.4752784801574014284 -0.0094114363561434398464 0.0038990323482202696517 -0.73603988911037265819 0.67686151024478558025
1724415986234255557 -49.042885534511022172 -5.7000326732097885696 -0.45032397394020928783 -0.007407266689461393383 0.00028480061435004716368 -0.73230790398530953844 0.68093331909185039752
1724415986484985434 -48.990738683758415561 -6.8833192534520986072 -0.43319364296445866946 -0.010240453659086932656 0.0021552182637872177411 -0.72908483948897639948 0.68434332390286733983
1724415986735110914 -48.90274529916539592 -8.037732353000874852 -0.41381730376928288484 -0.0088469498249898071568 -0.001589334092993677618 -0.7273341706204228263 0.68622460590089362498
1724415986985859617 -48.837118250244529349 -9.1585856558607385836 -0.38740052824387422037 -0.0092890140387711494369 -0.0038287682101205821467 -0.72698807406480614457 0.68657657615136036267
1724415987235677833 -48.804013037873076541 -10.240407184675493824 -0.38709130470593205997 -0.0085545116439221628724 -0.0048239554183954003533 -0.72715309953473106219 0.68640506963577185839
1724415987486024007 -48.777455261367158812 -11.298114697489509695 -0.37532234297314776006 -0.0084856790068328340898 -0.0057722625346980031141 -0.72724411071762273817 0.68630217664200776628
1724415987735968684 -48.753213403587317032 -12.311348112766284046 -0.38818282818646088206 -0.0066801247047794404949 -0.00378123553806090874 -0.72748490110014896182 0.68608075097836784817
1724415987986543468 -48.720482547467781842 -13.301241670781333681 -0.38892048386080052547 -0.0043127609548390963626 -0.003291441621494891126 -0.72742258663110825889 0.68616830804395689825
1724415988236389643 -48.721573353704215492 -14.270883188228602023 -0.38811629682920961715 -0.0046498332871788465928 -0.0014480040530474832042 -0.72693551311927884218 0.68668846073068279257
1724415988485872338 -48.705975172017815567 -15.219997948035450364 -0.36738452026991963439 -0.0079252688976228554546 0.00014762411752226563613 -0.72343876100632664716 0.69034305051448985324
1724415988735169876 -48.601450501492593048 -16.134506460766470326 -0.34502578489748009227 -0.0075757657725540267571 -0.0020327629289628255244 -0.71487170499539010038 0.69921164252665168881
1724415988983829302 -48.422300633953135218 -16.996270457183406677 -0.33709048345765207921 -0.0074414433121372507846 -0.0019594196893043106834 -0.69944541992128383967 0.71464459009150260727
1724415989233020231 -48.193988656522328995 -17.825948041575529146 -0.32521347341184686508 -0.0082394862294631852906 -0.0031621687319007105339 -0.68260368430670304019 0.73073546631219465919
1724415989482287248 -47.904423614994314562 -18.59830159214277856 -0.31530670759610729403 -0.0092503786702930520386 -0.0034852658533496561066 -0.66175089332004621845 0.74965861470839401104
1724415989731571336 -47.531364229564303514 -19.304683038766427217 -0.3173483740131298747 -0.0062479579463390472194 -0.0045500060988510806353 -0.63742952252093532106 0.77046989836380597172
1724415989980737088 -47.114851785239132198 -19.967634001744386296 -0.31285615063566207805 -0.0073360868529369523128 -0.0039938372841619943637 -0.60896834122553999968 0.79315054717149857666
1724415990229856966 -46.58204452883945379 -20.543427467262549868 -0.32979373701282094222 -0.004154308968231601451 -0.0038689670441267643743 -0.57525104804791493684 0.81795721436440893548
1724415990479018960 -46.000439032973361009 -21.062510121839405741 -0.32677156650658173431 -0.0037126262864810156798 -0.0045348383258546516583 -0.53924756969954690256 0.84212689674451524091
1724415990727926135 -45.360901967544819513 -21.508555853641119882 -0.32873712647966996103 -0.0059548841288942326588 -0.0039499015488795048007 -0.49696743329431353198 0.86773976967615584766
1724415990977058455 -44.624027010463628073 -21.858055785743591315 -0.31758691795552823622 -0.003297707830690926184 -0.0075662141803022860478 -0.44953008882818751291 0.8932270577877513551
1724415991226706503 -43.823309461094126505 -22.129793337174703538 -0.32060517374989794259 -0.0048477440567137502006 -0.0075246222642289927601 -0.39864104540964928614 0.91706335460100196766
1724415991477032029 -42.942053226994659099 -22.321188752622052931 -0.32128818043082707501 -0.0054627157775480441118 -0.0080464927313032997419 -0.34424298965682881279 0.93883021721884674093
1724415991725793879 -41.997779677534687437 -22.424624904778884371 -0.32446819488231326556 -0.004785538109665936693 -0.0092660852176050991641 -0.28727883707620271991 0.95779022132087243691
1724415991975788205 -40.99725374588815896 -22.445233201647695864 -0.32726375293165532732 -0.0041835023384972662083 -0.010655977895506128089 -0.22940791353950604203 0.97326304648266825925
1724415992225671409 -39.955527455260600789 -22.343749260825202185 -0.34862550930132812921 -0.0029726626214774359673 -0.010681521476442610435 -0.17223055441294377044 0.98499426622823404998
1724415992476323797 -38.877182737548764635 -22.167421862909698405 -0.36719291554183458581 0.0012504541100745731729 -0.011038855420151266404 -0.12166047943816821197 0.99250960084948658402
1724415992727231194 -37.777407534442822623 -21.983063741574579097 -0.38512288753280682352 0.0024628316988607413737 -0.011182752121052104768 -0.080870868670637280351 0.99665880978170184878
1724415992978532442 -36.644043838087121401 -21.793983177043894983 -0.39803185861267842416 0.0027764878775003425798 -0.012775965202707274815 -0.050038120662581259124 0.99866173067198371616
1724415993230284907 -35.499057485874949691 -21.598155328797744801 -0.40657526837707080869 0.0015151980394160339573 -0.01431900004645763301 -0.027940295058167884112 0.99950588308655463621
1724415993482892668 -34.320695835629862813 -21.398015386206477473 -0.42427952625365805694 0.0037109195859394124642 -0.015582850683326420274 -0.01514078899853598531 0.99975705066226439044
1724415993733417055 -33.114804904783881057 -21.25312170024372449 -0.44583397876467389942 0.0018894546827912103368 -0.01629647616201613039 -0.011169906724492077721 0.99980302460508130302
1724415993984708805 -31.873454209945876414 -21.130321177487662254 -0.47711292074318933931 -0.0015650514040723207711 -0.015158229257439917101 -0.010006304794971099953 0.99983381247296865268
1724415994235299381 -30.605393405056812384 -21.00871273675387485 -0.49365612081843451842 0.0016807607095523614208 -0.015764938346987885515 -0.010331665055640896697 0.99982093319730558356
1724415994485680930 -29.316678431118656789 -20.923632447118261979 -0.50875768995262315997 0.00020795923773117409405 -0.014375248499897196747 -0.011007728780166895974 0.99983605600649549938
1724415994735715767 -27.999601806357716782 -20.84010582303540815 -0.53434514394312504493 0.0011436576659562449742 -0.012451441492828976138 -0.014059344335033250803 0.99982297857608903868
1724415994985967168 -26.635964515821367371 -20.774694640624133513 -0.52836403984874158457 0.0015095181828773203327 -0.015422963733556159863 -0.017749915448279845326 0.99972235848064738839
1724415995235869858 -25.260464779543525538 -20.764636144642974358 -0.54530310281913974002 -0.00085567679597722649809 -0.013858749829470251233 -0.021305556666776120228 0.99967658576436790874
1724415995485740384 -23.86290157699244574 -20.743661551457176273 -0.55856813480042022402 0.0017423771489508735853 -0.01471748978489421586 -0.025078936061393754253 0.99957561323910371076
1724415995735616593 -22.468392462025590817 -20.752010377265794006 -0.56069711474514527527 -0.00084523239568406441282 -0.01565059056852775507 -0.027596169014706722206 0.99949627115500805363
1724415995985570172 -21.079316344398538519 -20.75042126677871579 -0.58424637097190201818 -0.0019616422726794974576 -0.014637082972013536544 -0.029037014806338697082 0.99946923891273453666
1724415996235265289 -19.668458091143797617 -20.762891808762827139 -0.57992150000051956305 -0.0011400269298080570844 -0.01694286303563044202 -0.030529024890432708561 0.99938962290489807838
1724415996485383726 -18.263722803401247319 -20.792908546218004773 -0.60481802988040178626 -0.0029621137897752817907 -0.01532101666380335063 -0.031504484447633984701 0.99938178880244410429
1724415996735183650 -16.853105593981027255 -20.809859908822943453 -0.6194311339049860532 -0.0025598938725939924393 -0.014438908799572460623 -0.032200312310448737929 0.99937385634363473663
1724415996985038807 -15.435919932406687138 -20.808399500123524462 -0.61525763881179051928 0.00035552405919849345813 -0.017572107450620991914 -0.031382036069603262696 0.99935292187220481352
1724415997234556566 -14.031170046663774542 -20.810780212332378625 -0.61402966233494948867 -0.0015046610857359029884 -0.018738516344022269206 -0.027050988670827863514 0.99945727673181328221
1724415997484249726 -12.658371390117270749 -20.778207042706888785 -0.63151230876142683268 -0.0015068688514752767542 -0.017654364878351848367 -0.020787382109304072819 0.99962689914389946111
1724415997733749039 -11.31708463453758462 -20.691525870912087726 -0.65291017325962552587 -0.00220908499869554905 -0.014291783205295258835 -0.0091618260422141068605 0.9998534521717937773
1724415997982673384 -9.9894829998585752406 -20.5413602960159416 -0.65474950119732089338 -0.0062020967789079327684 -0.015465446089685912223 0.0099067115072554792765 0.99981208786446673642
1724415998232126806 -8.6689841113717047705 -20.300036012105248773 -0.62815096978352136237 -0.0037745093010140601426 -0.019553345124729750587 0.028193209945518736548 0.99940410379732658175
1724415998481840621 -7.3776133477054566256 -20.020106777908157625 -0.62623542726929637414 -0.0041837716202454281259 -0.022420863318338632442 0.047508107323152456991 0.99861042488132556461
1724415998731077259 -6.1270689527555175502 -19.659987143269670895 -0.63144889447244578751 -0.0055852614632546197793 -0.024515313906037155406 0.072707499739321557186 0.9970363201609718784
1724415998980624327 -4.9370061911103961805 -19.199327403141040804 -0.66130726286302177197 -0.0036769694630183241864 -0.021694539131743031946 0.10082247283323751696 0.99466107586414620467
1724415999230158903 -3.7774328965618053644 -18.648648466300983273 -0.68789447662943736805 -0.0041159122387787365829 -0.021511729692145244164 0.13211023539828578577 0.99099303249574055563
1724415999479522990 -2.6738930983752822179 -17.98611490211554198 -0.69782317925027848027 -0.0054866370307399868825 -0.023352808516407544404 0.16989962243321710123 0.98516935673291161635
1724415999728136852 -1.6606376455052407337 -17.208907743260397183 -0.70747444887947052994 -0.0054088709287822911778 -0.024765967553147864161 0.21263611804204318734 0.97680257589261199058
1724415999977927191 -0.76038453086302337791 -16.320014535062057348 -0.73763598583615386239 -0.0041079043128206312735 -0.022829518572275175198 0.25880971794231399929 0.9656497647193493794
1724416000226998290 0.033895752639384234273 -15.353301476327089858 -0.76970788710231718976 -0.0089596999201601561919 -0.022970823849145904222 0.30641109449223274952 0.95157990006152615159
1724416000477865248 0.6962612006722413982 -14.285366234088595405 -0.7890018207395824712 -0.0047516627931576734672 -0.019014992162735867842 0.35154682228288453016 0.93596510806576416197
1724416000727942609 1.2629840825915961133 -13.202535585041434985 -0.81947636441033178123 -0.002668279258283562036 -0.015148162301110087991 0.39248796836467236826 0.9196285163878245017
1724416000978651991 1.7817626819675238536 -12.089796231254675618 -0.80338060615210971083 0.0020273823457130708998 -0.018102647976475559621 0.42663593447986553064 0.90423999207486727148
1724416001229231030 2.212359698503066685 -10.978617580739223669 -0.78812206197486656123 0.0018148977467786480289 -0.021718527270618456088 0.45864293424639474006 0.88835334782124919517
1724416001479610673 2.5299403095004078246 -9.8466535668747727783 -0.8133175373950602971 0.0040793295786655048643 -0.020821514338222449347 0.48983119415200832014 0.87155907708340063511
1724416001729906046 2.7879043822653932772 -8.7001481372359155131 -0.811321473192728293 0.0048005685329623069488 -0.025184618427152787729 0.52024335040720182111 0.8536331447955429752
1724416001980219874 2.9636821385551352925 -7.5506326600690920614 -0.81924911503037689542 0.0059210018679378695339 -0.027579642948968696725 0.54897784406156158177 0.83536077940085673443
1724416002230222134 3.0350424436086220759 -6.4271366318290876762 -0.86691708337784334493 0.001517575338466986383 -0.0273555186147341374 0.58040258597592397916 0.81386866923286282915
1724416002479672898 2.9528011917697374322 -5.2912294902787930795 -0.91202551992631253341 0.003140499858013585683 -0.023575981023425195138 0.61454652631739825619 0.78852195744357311824
1724416002729190218 2.7516469139899464302 -4.172221368518656881 -0.94794558043458532204 0.0030606700146860168696 -0.02138157183803836639 0.65171344475185866152 0.75815766606587986498
1724416002978899764 2.4515175440693020015 -3.0741257130119854502 -0.965783775906598696 0.0039397841504452569411 -0.021679960641867244975 0.68688038736187628786 0.72643636394732713502
1724416003228789517 2.0497358845996243026 -2.0290081572110687524 -0.98283050948219974341 0.0054854967112432026499 -0.021730345099946896115 0.71980776578348526495 0.69381156068881955079
1724416003479140500 1.5971930121733590724 -1.0338947321486249287 -1.0030193143507526443 0.0068971931457234214244 -0.019458115096110336489 0.74623699219202299648 0.66536017461809382478
1724416003730192367 1.140942546136488156 -0.070269887830464020095 -1.0334006908637223265 0.0047498174142982605567 -0.021088085535469733994 0.76783877954760915152 0.64027833049839955049
1724416003980859054 0.59497247374095130201 0.83468005587268156997 -1.0598887620661812115 0.0058392456390341232128 -0.017000535365585298792 0.78908915768996934492 0.61401562376195706339
1724416004231156921 0.028157720881633700738 1.6737748893618378254 -1.0836121302864141214 0.0046453884846423612598 -0.016965800661276040501 0.80824688714392112221 0.58858096418072358702
1724416004482685811 -0.52878071930264358702 2.4610914591078247859 -1.100432519359217487 0.0054033697058908369826 -0.015772509172318611298 0.8213858566732640254 0.57012920115300047552
1724416004733182387 -1.037912261015548232 3.1935344348547238802 -1.1143023351118466202 0.0075350203462147720412 -0.01561981979246371971 0.82885957036096857831 0.55918785512479074473
1724416004984438581 -1.4913357980688961568 3.8743987764591487633 -1.119138397603105517 0.0086004874178862347062 -0.016407522255071509826 0.83266060592580171118 0.55347370323159938987
1724416005235216393 -1.9092390319397347653 4.4904093033636565124 -1.1125983883666077379 0.010526352110888235331 -0.017010196682582932881 0.83502689644430960758 0.54984537038574909928
1724416005485075067 -2.2749011259603069135 5.0409963231669907557 -1.1292059497106214927 0.0082596215745335509195 -0.017124584119618709022 0.83631160171110663359 0.54792465915815358191
1724416005735926073 -2.6186567050697737713 5.5443113613162138265 -1.1366439651822031198 0.0078959149584222430157 -0.016127330341469847674 0.83625013093745037551 0.5480540869751119315
1724416005985863277 -2.9268665414795926871 5.9954628469642390343 -1.147028574257717759 0.0065797167328120846619 -0.01564214994693567673 0.83598407260706109057 0.54849125865419767756
1724416006236014945 -3.1928599509042641102 6.4213154290588798645 -1.1543411438933637303 0.0052983182175728926397 -0.014471865073694623743 0.83548771032404745007 0.54929298087890632285
1724416006486689980 -3.4348373598096815229 6.8213681903827909636 -1.1472967951755561611 0.0047768312806273707793 -0.015104557727855951951 0.83515431225471858934 0.54978751253653457276
1724416006736173065 -3.6596290831819158207 7.170476447807518916 -1.1329078600209545602 0.0058539671656646684664 -0.015237560880970597507 0.834704700541678557 0.55045582084346111884
1724416006986063930 -3.8539259403277434934 7.4641376110478088179 -1.1238522603762812757 0.0061107737846074448862 -0.015193383876336277391 0.83404234344353234132 0.55145733187016399146
1724416007235508434 -3.9927006535062670167 7.7169948365589231543 -1.1144132176320342698 0.0060933299120511713251 -0.016026688257843656887 0.83373811837445266359 0.55189380007705823861
1724416007485626948 -4.1097150690573069909 7.9076841159776796175 -1.1038964323672673107 0.0074774887848206971624 -0.015277712315967972856 0.83329711066257705632 0.55256366513666499429
1724416007735247818 -4.1843046704116222401 8.0242756178233847209 -1.097903133580375945 0.0070257940966947009936 -0.015330736170981880753 0.83307428693227758565 0.55290400540965856102
1724416007985057046 -4.222101239726006483 8.059973972310451984 -1.0907360663848608695 0.0066683277714137123571 -0.015773574485659896255 0.83297977877428863724 0.55303834939886009625
1724416008234688420 -4.2166792980631333521 8.0438113157000898923 -1.0913993586029686611 0.0062056903247325965328 -0.015244751579678679151 0.8329782440486492856 0.55306087540025483662
1724416008484553150 -4.2045661896425094994 8.0222205335858323139 -1.0921592339658470205 0.0055559999505082752203 -0.014612555903741834135 0.83303389870818222995 0.55300101959902026039
1724416008734064369 -4.1928233492080320133 8.003824232557601448 -1.09235816023772081 0.0057081320573547844263 -0.01472852409058194624 0.83305258298091211522 0.55296824664293264817
1724416008983473364 -4.1785047679062605752 7.981972254797899069 -1.0920354378390129124 0.0056133934817496995359 -0.014784408793486851497 0.83306031288477899732 0.55295607978080896228
1724416009233464969 -4.1615055439396719805 7.9737352194872332944 -1.0918153715870329012 0.0056979222317504124931 -0.014808534137402271785 0.83308673826024581821 0.5529147561187413018
1724416009483417207 -4.1416385495386096594 7.9658843941216179729 -1.0914010992142968437 0.0057152702457439231998 -0.014867769833108633593 0.83311792203509649202 0.55286599921692658466
1724416009733208512 -4.1203808357960163278 7.9552431995097414585 -1.0912711116467803674 0.0057091057620722619748 -0.014863057734875296731 0.83314959331581528446 0.55281846096513354016
1724416009983060834 -4.0973839402525458198 7.9426089202739706963 -1.091151139616261645 0.0056724990153266732079 -0.014911026643730994692 0.83318315818980559495 0.55276695717835055977
1724416010232834718 -4.0676062229841907225 7.9425345506352549307 -1.095390135755149208 0.0056785812535606458237 -0.014955427810783966311 0.8332338299043494656 0.55268931018871036986
