1724904870259091866 0.07737708897134643049 0.63949754319459761742 -1.1096751719176667361 -0.0076821715014585810477 -0.014273258061731953356 0.74421935214181289542 0.66773858226325799592
1724904870509377236 0.085123832065921944956 0.64209909690376043567 -1.0970217631757450683 -0.0076220247218598468839 -0.014284322077975794563 0.74427359922952340821 0.66767856965147720505
1724904870759102388 0.095470938848849468128 0.64001417893922363245 -1.0844859065880336768 -0.0075684625600649542421 -0.01429760746265429025 0.74433062038564601348 0.66761532663026856849
1724904871009491789 0.10829695953127142782 0.63330672005838539729 -1.072216254167038807 -0.0075050273906600555723 -0.014308859753779148635 0.74438708144185194993 0.66755284740527753851
1724904871260315736 0.11236827061501608593 0.64007589144037202455 -1.066395801104077723 -0.0075659851641103814321 -0.013964572229618383084 0.74437319153042635911 0.66757493835654690972
1724904871510347344 0.1166596937750307289 0.6596582469162756146 -1.0666687448673572991 -0.0082846389145138712995 -0.013274956447486363151 0.74428699384432339681 0.66767657670728086661
1724904871760461904 0.12175547669861708222 0.70660698869641791475 -1.0590853325915194905 -0.0082372982952991953554 -0.013199139898222885317 0.74400296242365826505 0.66799515082638261099
1724904872010403078 0.12959468056791820234 0.77658306222655859585 -1.0519198715734667804 -0.0082917093168610733755 -0.013173945626698246522 0.74345218946130298132 0.66860790953923410207
1724904872260648923 0.12015700284318198143 0.89520267537309772266 -1.0461736684425919641 -0.0083526783994602171735 -0.0129844702250374016 0.74276182705470772394 0.66937769948429182154
1724904872510699020 0.11089453586883282754 1.0478804768847762574 -1.039581312311151029 -0.008874795212845855083 -0.013397196001303634388 0.74206580594133175754 0.67013438413640169511
1724904872760611162 0.099097673913591602379 1.2256435689459725946 -1.029850538285019601 -0.0089857227194776873036 -0.013795553870974726698 0.74148053755938336806 0.67077235475327212644
1724904873010395430 0.083486227992100023321 1.4256841274244165252 -1.0216108199725055794 -0.0086470416533457189479 -0.013971301314925762757 0.7410553811608774355 0.6712428423921700249
1724904873260602395 0.033474557056264696298 1.6565857288423619931 -1.022538883483480765 -0.0081209520431229122173 -0.013949290325620873621 0.74076470055003884596 0.6715706410023715156
1724904873510602870 -0.023885393157284339621 1.9080523071442401228 -1.0295909764793074181 -0.0083377271539829163338 -0.013576535028616111903 0.740982341021941604 0.67133548267327958214
1724904873760424298 -0.085541494522371572251 2.189228682781404256 -1.0329118775325121238 -0.0080368477498102344758 -0.013504011382672338054 0.74135876343662587828 0.6709249098301089953
1724904874010280608 -0.15310220907527896661 2.4978347154906495042 -1.0345705076676774414 -0.0072523220419825427246 -0.013057501840934380294 0.74194175089582914406 0.6702979514725559973
1724904874259589865 -0.27451054330839308459 2.8472261701202850048 -1.0328433338985008039 -0.0068572749354193071256 -0.012755669330625435745 0.74320151764627218061 0.66891088707589874129
1724904874509666227 -0.39441300109831278764 3.23202781542447104 -1.0258005967385737112 -0.0073895737863906947249 -0.014241045367355745568 0.7440513142762433807 0.66792980810104218836
1724904874759851756 -0.54215444943115842502 3.6571693867443895165 -1.0154396957907785293 -0.0044904851537747557388 -0.013607613621014336483 0.74542661574228596955 0.66643366431898343194
1724904875009719667 -0.67160080452129000683 4.1038851084476517528 -1.0199845223837942232 -0.0065359677290654930384 -0.014019941859208915128 0.7469661072734795626 0.6646821473011093051
1724904875259643379 -0.87602756838761530744 4.5938741629501214092 -1.0340977926792851438 -0.0062085840885281835463 -0.012898195680656043133 0.74858393670475309456 0.66288549519461748005
1724904875509600063 -1.0804215800284810989 5.1131367503425204646 -1.0463103956652932691 -0.0069058804433193704542 -0.012694794420575503807 0.75009549185491952716 0.66117161471803054251
1724904875759540622 -1.29202706292541869 5.6627020032487722645 -1.056751116087877973 -0.007145497269124104732 -0.012435173141157699131 0.75139357389809746657 0.65969842006963352876
1724904876009423075 -1.5121026579261436229 6.2341155468022337871 -1.0806411840507423872 -0.0074955243421001875245 -0.011028011588130140833 0.75274924092851025481 0.65817230293958761678
1724904876259381175 -1.7840620222260652472 6.8437527896788346027 -1.0853641382194856302 -0.0073987403743489494126 -0.01138340342622158434 0.75387484647333036225 0.65687776079124571282
1724904876509682402 -2.0685016885064819725 7.4728748678744718603 -1.0893038789071418648 -0.0065830369091852258129 -0.011631573991881251698 0.75514657296984410983 0.65541973074009873823
1724904876758778813 -2.357053957691575885 8.1190984793158307298 -1.0900540401663114665 -0.0049826699768148541639 -0.01215015356978982157 0.75640091410985643705 0.65397645515867475208
1724904877008602119 -2.6495859537674628648 8.777952983719696789 -1.0979092017943743453 -0.0046510556748933220769 -0.012143121631286401402 0.7576056561274669976 0.65258300780960221132
1724904877259111225 -3.0065852249127074103 9.4647446343337993113 -1.095554866922311632 -0.0052143362571995159963 -0.012149138824903529463 0.75928909249264087133 0.65061915368740241838
1724904877508629107 -3.365505666393195483 10.157461869603002569 -1.0919739270206525461 -0.0052602364143319374143 -0.01251217763079367877 0.7605263700269858651 0.64916516836424364989
1724904877758928114 -3.7350805364817198928 10.859332164987080205 -1.0880685959811267072 -0.0049145030262119377557 -0.011942964408066610374 0.7615671046621503848 0.64795737387397822626
1724904878008915672 -4.1011671690845963312 11.566291364094416494 -1.0800919432032585199 -0.0039456276946781406942 -0.011453896365385409298 0.76199632387689675284 0.64746802444463724679
1724904878259160670 -4.47498323562883904 12.294444664731281947 -1.0721381412628778751 -0.0044076075676016193694 -0.013853436819513483338 0.76164074015759986036 0.64783642859598544739
1724904878509424264 -4.8524259640258167181 13.019271606031846744 -1.0762927613917643299 -0.0037608954514107510031 -0.013385658341519774198 0.76054256646019580135 0.64913918724592967191
1724904878760709591 -5.2170238495674512436 13.751182771798688975 -1.0715810877156368708 -0.0027787748711393502402 -0.013974156155580411132 0.75846091758844991215 0.65156276586438055531
1724904879010726435 -5.5647631810965716426 14.479336647380494085 -1.0697754296622550285 -0.0034340979023472356646 -0.016003312368315605885 0.75648524762236146746 0.65380591240411178866
1724904879260845510 -5.8958733550187050199 15.228585882856704004 -1.0913314503936417665 -0.0017265868188730488023 -0.015078254495543978383 0.75287303193636845311 0.65799077723191823353
1724904879510536453 -6.199687255848134626 15.98306138140496202 -1.1088353630873337696 0.0004559764146595182829 -0.014998655299020030585 0.74826566969174601596 0.66322946254331405225
1724904879760212843 -6.4831791249154706591 16.729344054398222141 -1.1441275955778122952 -0.00014751138656454056814 -0.013728809059877110019 0.7432525481252791888 0.66887005296056378789
1724904880010286591 -6.7389767006104150937 17.472147864147625995 -1.1749491371710778509 -0.00077696154620565042841 -0.013063545118635874753 0.73673080722783634844 0.6760595075887252392
1724904880260866928 -6.9690422840981707253 18.220315547989063276 -1.2189613817907671844 -0.0022635003121654322794 -0.0095569647718855253726 0.72831946695484661713 0.68516734820428659702
1724904880511309835 -7.1870464085518808162 18.972607475265373722 -1.2347354479449443865 0.001514132576919564703 -0.0067113222423602738112 0.71911134797739928448 0.69486080243918380006
1724904880761149363 -7.3558564431305359932 19.69886785972267873 -1.2623712289940400844 -0.0013292666665396214113 -0.0066218212179102453607 0.71014569527414850292 0.70402235477112784512
1724904881011493657 -7.5088608936286940221 20.420460848301246415 -1.2769213733869027028 -0.001007055717908380936 -0.0069419415077940169884 0.70057316529670854433 0.71354609896840881511
1724904881261365726 -7.6477028071727666259 21.193606684549177288 -1.2343934917333312384 0.0016413167487002780758 -0.0077230588135694935512 0.6908825786798068469 0.72292387076277497826
1724904881511278571 -7.7546651289542998242 21.945531765199895347 -1.2026618358907403827 -0.00062596572371523728946 -0.0087839584563238828907 0.6817292387587344793 0.7315515670560666095
1724904881761361142 -7.8629662770948680617 22.696865262047321465 -1.1597593267926777916 0.00062525734974447550775 -0.0095394258489165315029 0.67325654665705392254 0.73934716526888621946
1724904882010726487 -7.9682990487166565075 23.425710178309550713 -1.1395751372444311578 -0.00080323857083023676717 -0.0082038619875213283916 0.66632530052474370219 0.74561561500339978981
1724904882260707932 -8.0277286654986408365 24.216680788640715605 -1.1334396027051418798 -0.0017145297432470528887 -0.0075694953154967058867 0.66134290016194896555 0.75004355309129233653
1724904882510316985 -8.0727866707684761138 25.018830454070052127 -1.1225993474864661703 -0.0019150117812500859916 -0.0068384939513615973158 0.65655794387781041266 0.75424215876686229176
1724904882760271018 -8.0977675641442434795 25.828591218490775105 -1.1139494250265444819 -0.0034363341895893005119 -0.0070506602317791135237 0.65149921094825236079 0.75860876473412675036
1724904883010084491 -8.1233012506829904709 26.646727904797050002 -1.1055931138454326845 -0.0025708891115912972138 -0.0056401689184238882474 0.64616412121996646967 0.76317331417691514073
1724904883260440711 -8.0871162246892733805 27.517494769254351894 -1.1024853394057303468 -0.0018315564834819266123 -0.0060657623492739081231 0.64051631300795530688 0.7679184232056586179
1724904883510358930 -8.0201076311075887304 28.373671992572980116 -1.1086977247475908737 -0.0050246924975131754959 -0.0071152487573844800176 0.63522922183935237594 0.7722745375977360105
1724904883759954318 -7.9661423480556470267 29.231460173983563777 -1.110483966554876023 -0.0047205657069175734411 -0.007361442046869727876 0.63090508881359597115 0.77581073358101049209
1724904884009865465 -7.9114567452734840813 30.089217626670876626 -1.1045555088975103075 -0.0027933600012799804022 -0.0088273787517927464197 0.62683665368760110859 0.77909568354471459006
1724904884259769522 -7.84388004723735488 30.935847682233088562 -1.0922310197898885686 -0.0036634704703316775184 -0.010871647339121458253 0.62437540443911576649 0.78104016580438295758
1724904884509763832 -7.7933170661585480232 31.768962837212729511 -1.0927452382588935809 -0.0016964978439021958893 -0.0090289186217234005533 0.62137645702871191489 0.78345829447012260704
1724904884760692954 -7.7237101052075791685 32.593022581679207406 -1.096778817431107278 -0.0033684643565192041829 -0.009040510018901319611 0.61895467462993980501 0.78536745118461748216
1724904885010439598 -7.6663616686007438616 33.407486051747966371 -1.1082890667982232547 -0.0034518880192611887427 -0.0069411751391630169966 0.61692845139390595222 0.78698106102847686927
1724904885259268357 -7.607463409987251346 34.265215520454020748 -1.0852898192368776176 -0.00085263214032261602608 -0.0060894441030816658794 0.61539049729587502746 0.78819840619407754989
1724904885509195780 -7.5367491868030072055 35.121603173103721929 -1.0673903682730008224 -0.0023613849003079083119 -0.0072892904795483466976 0.61571094197566722528 0.78793484885305975496
1724904885758910617 -7.5151785085592681668 35.992349820238473512 -1.0385496770487159246 0.00092192929850506380885 -0.00708348306172335105 0.61888793235342010046 0.78544681646906677752
1724904886008491980 -7.5067513122927209679 36.842103153845947361 -1.0200980952329348206 0.0011594389221958934823 -0.0074115670044420500079 0.62380887106335281 0.78154092455775447945
1724904886257821503 -7.5404524296684725115 37.67440397384409323 -1.0178298489700663421 -0.00075976471176355468273 -0.0074799193151206524663 0.63182755112554989108 0.77507252512478619355
1724904886507281096 -7.6237405810646974302 38.498299792852876067 -1.0166005349500932819 0.00020821483911120952127 -0.0057474900028456144332 0.64071740925422082658 0.76775525037853520338
1724904886757711577 -7.7290360526596781909 39.314483000511614819 -1.021688352099827668 -0.00025050013084824615528 -0.0052517595767912796101 0.6506379706033827981 0.75936986210946244569
1724904887007210890 -7.8518621337630278845 40.111862265105735048 -0.99849145953205187265 0.0020936342416307475618 -0.0093551899811071172891 0.65991061902233727476 0.75128295070341855055
1724904887256741953 -8.0279785038783089135 40.805891556500569095 -0.98307085587932541149 0.0050985372338964588326 -0.010258736436130389685 0.66906071095348274014 0.74311945762658415671
1724904887506616681 -8.2405461250536458095 41.424791195520725751 -0.9962325416567818781 0.0027405291805729392086 -0.0085666582434360850906 0.68003075866405537919 0.73312841244705528876
1724904887756518549 -8.4836245523631923504 42.042294015182697819 -0.99788910890370485784 0.0018481937946922472656 -0.01043655000376680908 0.69284895738567497947 0.72100484384870755505
1724904888005515306 -8.7897469631279605551 42.642977566661535604 -1.0096768483341851397 0.0022109319766895111324 -0.0096205825311281752132 0.70811054809616380545 0.7060325827088337336
1724904888255108427 -9.109826113558838756 43.200969879774937965 -1.0290082153373203422 0.00013780452024252120603 -0.0097067718286233690278 0.72402638072170877326 0.68970396519782617428
1724904888505148546 -9.4880583659740374003 43.734655906871964248 -1.0478442382987531722 0.0014633513035243322919 -0.0064628627598540492466 0.74012871284932635341 0.67243258280954032458
1724904888755642723 -9.8948454520476136764 44.249751468610469374 -1.0731338576102489313 -0.00024898391965451512325 -0.0058164768337762885742 0.75799840539276008844 0.65223042249367890744
1724904889005106166 -10.351636081881315121 44.746451460551107004 -1.0835347829853443358 5.9146959968682297063e-05 -0.0064249790936689388579 0.77670760595162635642 0.62982855683286986803
1724904889254804133 -10.874280574900275553 45.170459167466901818 -1.0928073435603642416 0.0014894188876993176476 -0.004932608888749486116 0.79655260039142405937 0.60454727342912373267
1724904889504357044 -11.421385586048943495 45.558086199144476325 -1.1001720898794671299 0.00019647464183873361316 -0.0065775779857636263587 0.8166827889669963092 0.57704932117683382931
1724904889754039838 -12.00016641602551104 45.906739358221521741 -1.1052667109643588006 -0.0016201298328383227122 -0.0085882050427669356235 0.83627929257611988145 0.54823404009770559941
1724904890003845539 -12.628790461418940794 46.218280637862847016 -1.1064016051260083806 -0.00011913254980551095743 -0.0091962693635234075279 0.85494776030138253109 0.51863256896658438411
1724904890254195552 -13.272937664270015645 46.414472928047615596 -1.1113668094873025982 7.58716157487401827e-05 -0.007292678196239818153 0.8727199170936328354 0.48816673114449976589
1724904890504363655 -13.927812382744809483 46.575175100934984584 -1.1138230248693272717 0.00040767997613498673567 -0.0081189712553387440724 0.88917018592352980999 0.45750442245677519493
1724904890754350353 -14.619165951863683617 46.69742103212225004 -1.1252216515926503071 -0.00034648058818780421092 -0.0074444150157483473043 0.90506701575563608397 0.42520366605599979604
1724904891004229346 -15.352019140146939691 46.807577048048962354 -1.1135697699839606223 0.0019477061037494452361 -0.0087417902135994342977 0.91980939376793391382 0.39226326195689148468
1724904891254578723 -16.052570266838973367 46.788346965751571815 -1.1482760657131947379 0.0027240032691960847089 -0.0091029405755952939872 0.9334183097720231137 0.35866415385623101608
1724904891504592670 -16.779270894288178084 46.726167451664963437 -1.1941307677601211701 0.0043392154122799996355 -0.0083612440120396074733 0.94574048596724069604 0.32478638212003979602
1724904891754065325 -17.533608721510166362 46.655961691662774626 -1.2356927794338645743 0.0054568173964048543451 -0.01003252241312630258 0.95631815760646954327 0.29210469539208000489
1724904892005042999 -18.322149770538647573 46.569382840002710111 -1.2871379726841427615 0.0057831996668982910831 -0.011027622683147794355 0.96509408895425485841 0.26160723538374874853
1724904892255113621 -19.081378989093074949 46.403850500748227148 -1.310621320508940757 0.0054462381729623587923 -0.0095564184811617065157 0.97201274374352586438 0.23467049102040785091
1724904892506155642 -19.861820600426959516 46.240816141782147497 -1.321351694583546843 0.0067478143694078788345 -0.0094022263712416256215 0.9772620556052130647 0.21171901146277205541
1724904892757402893 -20.667081862616683452 46.063227342588938029 -1.3519931703627998676 0.005678716102388330772 -0.0068114787675150091639 0.98134727003103383591 0.19203877614446954181
1724904893007966286 -21.505891204390234606 45.9103933480183386 -1.3625802326830056543 0.0067603561232751257018 -0.0092485960766342401734 0.98447884889210546255 0.17512897287362988452
1724904893258257684 -22.293432672917287363 45.67128905199665212 -1.337044880102665978 0.0080286541262392877721 -0.0067291693666431838181 0.9869363285924966922 0.16076984262267490777
1724904893509012744 -23.091011049924222931 45.417106527809551153 -1.3197603904229979754 0.0076035759738213365075 -0.0063357802838790193076 0.98929628122482937691 0.14558472267146840839
1724904893759040729 -23.912348160992429769 45.144278983628204571 -1.3076031010919171305 0.0056574979786450634717 -0.0060179676099392960531 0.99138654670060377683 0.13070765778453460881
1724904894009219570 -24.76904355603986474 44.8545617136416368 -1.3012938455701832385 0.0040169350962767870136 -0.0066208002830413165488 0.99330172144101480658 0.11528971948253050051
1724904894259090691 -25.597554324913470936 44.48795090647195849 -1.270410476648703213 0.0053989586937784883602 -0.0016406967778294905685 0.99499814259109287118 0.099733924014756919485
1724904894509202918 -26.428072527026166938 44.131490166781922824 -1.2403208502437566008 0.0053186428555690159689 -0.0034681533920743485427 0.99642884488845129276 0.084197630753430077744
1724904894759559440 -27.289945290918719678 43.738177541703230133 -1.2107240862629582434 0.0056782938824028999364 -0.0040727671980542098917 0.99767135053266298161 0.06784575058371640488
1724904895009622608 -28.17392202922301081 43.299530260849351748 -1.1839553917832268404 0.0061983808014687367255 -0.0013272352346898530148 0.99863321603215127187 0.051879845406040688005
1724904895259038545 -28.994469371445259043 42.840050185098661473 -1.1646898409135941765 0.0057846845874494502021 -0.0042522582481343239313 0.99935514162056027221 0.035181765739727997866
1724904895509286610 -29.835004542182215204 42.330084098940311321 -1.133344059669640469 0.0075833654857588245549 -0.0036491761283620272396 0.99979907237668697029 0.018193156851138606034
1724904895759017355 -30.691816517756812743 41.777900249332631688 -1.1143908093560781492 0.0084569929155890732897 -0.0026883895868293670138 0.99996059639302048438 0.00023977816804932855607
1724904896009171049 -31.565843776284925326 41.200818987228046808 -1.092519601484044367 0.008862404672346163928 -0.0033480150494182314182 0.99980838919215520022 -0.017129900164342092006
1724904896259467426 -32.368261962150043587 40.566289391893164407 -1.0920020368938125888 0.0070060692213872125672 -0.0041679419664398453457 0.99935519670982397855 -0.034967614486812778618
1724904896509383604 -33.184040926975164609 39.884736832286861841 -1.0785447210834235854 0.0084228935483932274031 -0.0028811542946472101963 0.99855856355021765935 -0.052929660633038125295
1724904896760056562 -34.016895769566971808 39.169057899559966529 -1.0623277955457826049 0.0096358453542111852097 -0.0035957905013729754388 0.99743606111503424483 -0.070820369684896980478
1724904897010554837 -34.85591951108401787 38.409818279707565125 -1.0452571351943882316 0.010438564534985617441 -0.0012841159606059254859 0.99613748577270588846 -0.087175093089028390936
1724904897260994201 -35.595290301052784798 37.629061553052252975 -1.0351662275167829996 0.0089681444900426496303 -0.001859715338353797303 0.99469330798060584531 -0.10247603086510492787
1724904897511328481 -36.329774907326175537 36.827090915696395257 -1.0242505026754347153 0.0076790734415230358159 -0.0024398153031538892706 0.99319183200821259394 -0.11621129017671440187
1724904897761864675 -37.087791782633040327 35.995259387061885548 -0.9937127513380009658 0.0087959290738037557156 -0.00049949656591624289319 0.99187016101426750403 -0.12694867397669118425
1724904898011699412 -37.850728756835259503 35.150855771020047769 -0.96643666325839139297 0.0091516917593225024369 0.00055622702001728726532 0.990571125718355594 -0.13669228962349852519
1724904898262310327 -38.521515058566137668 34.289435721376207766 -0.95809065582542285444 0.0090061675124168509565 -0.00010508651905980215529 0.98909827397541405514 -0.14698123119098827072
1724904898512522689 -39.189929693236855712 33.419946570173429734 -0.94079094894728365617 0.010779971615595122791 -0.0013455536152714203842 0.98759959981437006604 -0.15661740689952649563
1724904898762845201 -39.846903094207902996 32.508335836883674119 -0.92133970981460355798 0.011900102233975104124 0.0031077374578201790757 0.98639586259366651699 -0.16392660489624802378
1724904899012998186 -40.471829499387830253 31.63356053440647031 -0.92859789389612368282 0.010107959832536794406 -0.0010116412311361345101 0.98506173351403514271 -0.17190167799171435226
1724904899263213544 -41.040889409649210506 30.765376478383370085 -0.9123794095120675296 0.0091906762180822589026 0.00049299961249383357931 0.98383346965145368479 -0.17884907720091394734
1724904899513295439 -41.583885265021486077 29.898302517357965513 -0.8961489649776588351 0.0082632236301481108709 0.0023051421508979413194 0.9825028312548178544 -0.18604997186554281252
1724904899762399023 -42.12197069019233453 29.031497893703807733 -0.87742399725757913576 0.0078465696276878247467 0.0036537185728603388361 0.98150498424719712087 -0.1912408104552414112
1724904900012570743 -42.67008067176524122 28.171533541182384397 -0.85901463832148727828 0.008652751954324707992 0.00059506342555914646612 0.98053835487798357562 -0.19613594876083750851
1724904900262898131 -43.190276082648338729 27.353813470216717718 -0.83733347268026991905 0.0078367628428009355329 0.0025963708616256802805 0.97979400507596159375 -0.19983881410702292181
1724904900512741734 -43.717796181646214393 26.55563900181498127 -0.82009319772202460275 0.0083431799529646022417 0.0014436301719904607189 0.97907954359067661532 -0.20330163452975874572
1724904900764188539 -44.249348939326871744 25.742077256596950008 -0.80677793325644819866 0.0079284466092136955673 -0.00018659040668517825083 0.97834696896347572714 -0.20681951851400495745
1724904901013257974 -44.777574546892388696 24.911281463182639584 -0.76904138033577540412 0.0097130133433185310982 0.0034469133523778601978 0.97789374892928893068 -0.20884825104643409133
1724904901263193754 -45.312058887761388348 24.154337934113719655 -0.76532889121736258353 0.0091804610790827256145 0.00029422158765692404568 0.97741756339413787824 -0.21111735915527995999
1724904901513144098 -45.831133003088780242 23.380097032296990989 -0.75269133401099175273 0.0079738284001094096587 0.0033119542907120843797 0.97706632529079950888 -0.21276006439685876681
1724904901763519200 -46.340851040542446526 22.61242590492208393 -0.74354625153680065086 0.0066283900208614224617 0.0034279123694269039713 0.97667202600350377928 -0.21460677408863379489
1724904902013305426 -46.836178551913853596 21.853679169411179828 -0.7417020598379947538 0.0047281789749015418547 0.0023965107268025778904 0.97630008291307213142 -0.21635630141931649906
1724904902263110818 -47.338680929214426385 21.106857408545202759 -0.71845869358365477275 0.0050994917075028751291 0.0049247061226888513147 0.97584005927635775191 -0.21837106302219888576
1724904902513015963 -47.84803524163408639 20.385429268858892726 -0.69602561945966345824 0.0067673569886416047592 0.00032973668263021159571 0.97499893927796532633 -0.22210619658161437351
1724904902770697617 -48.350597060178934328 19.580924539845756982 -0.68026522896374486127 0.0072592605935224248023 -0.00074912153645598840868 0.9730696805014557027 -0.23039561376327019615
1724904903012315127 -48.798233233008787124 18.778903330223322143 -0.66360255437586246341 0.008055160605983723715 -0.0014177042374040116964 0.96987066934769794457 -0.24348303686572372873
1724904903261308394 -49.230330776992886399 17.931674732303235942 -0.65617111722718779454 0.0086348548426061887823 -0.0035654000336642526284 0.9650835261472762161 -0.26177569551733875786
1724904903510901314 -49.628571986160388008 17.02459054240177494 -0.64173457805497768902 0.0089182724381599472185 -0.0030045927739959584109 0.95905506656674355259 -0.28306327231140515632
1724904903759333105 -49.999184077646205537 16.07493488490112199 -0.637727382243598373 0.0085464111575135094656 -0.0032485942347272441996 0.95214176131048278151 -0.30552000239001736448
1724904904008573040 -50.342859659754978452 15.076635266211772191 -0.63779265747939417608 0.0071659906752439697999 -0.003584602029155473709 0.94424903511737900974 -0.32913456045488986845
1724904904258496670 -50.577476631045712452 14.055528592968943968 -0.62697291555832312948 0.0073941155387675858157 -0.001743326591950942377 0.9359197767797721168 -0.35213130974154321917
1724904904508834340 -50.789381648721267482 13.017960096870856646 -0.6185400713242125148 0.0082129372352839815491 -0.0045174418333374334253 0.92727345618695244944 -0.37426738814964288782
1724904904759351866 -50.972445755822974434 11.94015080518373928 -0.6180394887461023723 0.0057170528637527509921 -0.0018794280526770947189 0.92001944139949132229 -0.39182650561660065103
1724904905010260620 -51.158353616300054512 10.844358566350528861 -0.62212374406929038528 0.0048848343424891822045 -0.0031565752129418937245 0.91253573762160955507 -0.40895562349692221593
1724904905260460040 -51.218380698545068697 9.7935850677382205731 -0.59988069602969740224 0.0056426302207821859777 -0.0056383630140606766368 0.90526163239864720911 -0.424779644631954445
1724904905510766707 -51.231616785520820656 8.7172734942282374959 -0.58277231955256658669 0.003861031186129134686 -0.0039668926061108408451 0.89870650594365897312 -0.43851564667155418231
1724904905761274741 -51.248036962528601634 7.6172571605096788261 -0.56784524027070648611 0.0033865235699247183201 -0.0043840495791613934284 0.89247982149840277 -0.45105330038209134891
1724904906011716494 -51.276000791784547062 6.4975620424802187358 -0.53343678086788581805 0.0048541578098104717215 -0.0025959435685251699456 0.88804432042631242794 -0.45972489946435973751
1724904906262372489 -51.223628877163598361 5.4393344923105901856 -0.49809233543254788357 0.0059822773497046595817 -0.0017739661682866258215 0.88483614047071701414 -0.46586056918205742683
1724904906512889125 -51.164036023505381934 4.3823242987782844438 -0.46815814179611453527 0.0057866749783905728835 -0.00043830856518802766442 0.88250592263671301385 -0.47026547692704423476
1724904906763177235 -51.11975216469268446 3.3136831824430914573 -0.45214471929024901975 0.0065796447440596445705 -0.0024121779732789111819 0.88019376831967066632 -0.47456276706425787326
1724904907013373081 -51.067442630378103274 2.2162754079178537125 -0.42242962488988755609 0.0061908008038013846025 2.4197012473387542546e-05 0.87836786709411707186 -0.47794514691169687204
1724904907263724162 -50.98813824985762011 1.145568171686661918 -0.41535012393012787912 0.0054525172329518900236 -0.0017604553735340671382 0.87686506341581338386 -0.48070243541455381919
1724904907513959843 -50.915006783417275926 0.070109334006923207383 -0.40314011886069722745 0.0051625291566158321849 -0.0019862973079615409665 0.87579254173682929974 -0.48265601286408454929
1724904907766471807 -50.851254010062596933 -1.0317160252627024519 -0.37523235778174779398 0.0066317065992283139031 -0.0016987226408240185815 0.87515523079819745877 -0.48379381642960800347
1724904908013377939 -50.798587089617441848 -2.0946547482374033855 -0.36977575613107799279 0.0067948089213196588565 -0.0061790612106854981428 0.87433402344885258195 -0.48523774092090027343
1724904908263094828 -50.701717098447851129 -3.1981985852741003917 -0.34070533765451371799 0.007464048816069416073 -0.0032991767745722644194 0.87339177505111531552 -0.48694990572023294506
1724904908512948965 -50.620363604168268523 -4.2425236989195864723 -0.326705459397789999 0.0094764097058460238648 -0.0087012576011902213052 0.87267785095264660544 -0.48812688333251580408
1724904908767188558 -50.486390964641785217 -5.3099995080116615398 -0.30768899579768210772 0.0081790121740713175175 -0.0069022863872279377473 0.87208080883929051108 -0.48924485184485461131
1724904909012949013 -50.35892977990035746 -6.3085429509174169027 -0.29455168800113085137 0.0076259709536350243908 -0.0079342114601656851119 0.87181211615832587825 -0.4897167824110800205
1724904909262964391 -50.272437627432026375 -7.3335173500414567727 -0.28447477302141171984 0.0087913308881399365724 -0.0082414038394678472421 0.87175019681005216921 -0.4898023949774080732
1724904909513498099 -50.172372688150083775 -8.3706836574597485168 -0.26029985402433086783 0.0093971696808300229226 -0.0034850527410065033213 0.87190812895964253659 -0.48956691295825688348
1724904909763589428 -50.082263701032232461 -9.3759089190554529836 -0.24981455311746170178 0.010905504676776638096 -0.0033103819217638690529 0.87215082657945042222 -0.48910433144274856332
1724904910013264293 -49.961743899893207299 -10.361317699576918727 -0.2548678982306772367 0.0095904236865758159952 -0.0012194832170865166701 0.87234268636407197306 -0.48879931892476041755
1724904910263165702 -49.907045477661391431 -11.317554226250038596 -0.25205400391143628624 0.010607911964617539741 -0.001967211867813381445 0.87257894334472174691 -0.4883539596569552721
1724904910513541667 -49.831392008894205503 -12.253633019213953759 -0.27625482875241225145 0.0076565564158467252359 -0.0019562560320752560468 0.8729185039905775767 -0.48780204550313227552
1724904910763457223 -49.749524265698504166 -13.175971642982341692 -0.28200646208622415223 0.00624951032443679666 -0.0017713415938930819095 0.8730827456091055927 -0.48752879431816997791
1724904911014424577 -49.662181317196910868 -14.075663955100793601 -0.29745400968908936035 0.0053354599411053939967 -0.0034774850682235515856 0.87322318017790756528 -0.48727889094931953196
1724904911264077207 -49.63554473724460081 -14.954453766513765345 -0.28906390846337254308 0.0073674933869135412687 -0.005350837473841426814 0.87221327371108203774 -0.48904099392762490073
1724904911513797832 -49.565795418541689799 -15.834935326657358701 -0.2804907328710327663 0.0074904561695495501181 -0.0040852822717252412418 0.86940853407575169332 -0.49402024696502599976
1724904911762852926 -49.440904661562022682 -16.722263782650713893 -0.28112867450803474823 -0.0075661369952819005139 0.0042763982787197545726 -0.86309529781390548209 0.50496630865856451109
1724904912012043873 -49.265695391132986458 -17.616562982448368047 -0.27756232579193368393 -0.0087646119108643217449 0.0042840191559277603084 -0.85452362290916261678 0.51932090911894057683
1724904912261211104 -49.067670868236987758 -18.479715439826147616 -0.26144627516178231552 -0.011047709367673463898 0.0031223827251176455508 -0.84453676439619351779 0.53537449736334452588
1724904912510403317 -48.798241240985468892 -19.309816352700146069 -0.26267517006038004768 -0.0093630790660142355908 0.0018388112301859756235 -0.83278904413241383597 0.5535082289331244576
1724904912759768258 -48.472446369117740517 -20.128338325237105977 -0.26639074142748048191 -0.0094585785272479367541 0.0027117048132275353364 -0.81833752608142340534 0.57465370037630991717
1724904913007633003 -48.063623634036019894 -20.942302941470714472 -0.26813930314387235398 -0.0080276022037762476136 0.0016628175875266430327 -0.80064947726496360492 0.59907696266495591431
1724904913257171931 -47.585055998101609021 -21.639794599385545837 -0.28052444865724018852 -0.006483730932635507066 0.00195937448543745266 -0.77946311821439540068 0.62641150167307013685
1724904913506244565 -47.061362679527164232 -22.309383176468784882 -0.27583834519896227588 -0.0072403204325882488182 0.00076903333962628523269 -0.75768956175768409356 0.65257452781364710948
1724904913755937377 -46.459868420369055286 -22.96661200440779993 -0.27954926031603322123 -0.0089788339717201699069 0.0022203458462800463452 -0.73044604272879265494 0.68290777508143662988
1724904914005171693 -45.748368169580622578 -23.623151522151374593 -0.27504186156453303003 -0.0083954458040671961494 -0.0002088196537315399105 -0.69827505463389805129 0.7157802881891408564
1724904914254510729 -44.966941247655874747 -24.116533815497639637 -0.25977666927840548095 -0.0097860546199673367762 -0.00036051948868029898071 -0.66281229689935472482 0.74872155187337474658
1724904914503961929 -44.105097645060823197 -24.576745422095360283 -0.24013718145626436473 -0.010301760255962485666 -0.0011471485361835651734 -0.62451120395027148735 0.78094706217927911673
1724904914753242455 -43.177907723579124877 -25.037229303269050718 -0.22965400620093656681 -0.011075115816452978101 -0.0012946627823299460772 -0.58556507691584258612 0.81054870695996783514
1724904915003841977 -42.170374363432877374 -25.492902549744055563 -0.21785163239002197644 -0.0111694134280559184 -0.0023347780427273108657 -0.54572866389669683063 0.83788425120459830708
1724904915254585753 -41.100088770881932021 -25.673528244295649614 -0.19867678397111168676 -0.010243044301062643325 -0.0039034669646772616504 -0.50803059197493338761 0.86126927299579236763
1724904915505466647 -40.002159065176527974 -25.811890938619129088 -0.18283115302616664843 -0.0090687060240823447882 -0.0044745983786193431128 -0.47512945964377684138 0.87985779141802866743
1724904915756571662 -38.870993409907676153 -25.963470327338018961 -0.1569543210578419612 -0.0087717041371887360252 -0.0055898503635125355513 -0.44730376211471611914 0.89432161730412418343
1724904916007794256 -37.714933837830855623 -26.123936532156516677 -0.1415476459951161281 -0.0068427611357458348676 -0.0067997976091141634075 -0.42541089277447591277 0.90494890003874683959
1724904916259175566 -36.600409171663834229 -26.043611132968184307 -0.11813057211245146794 -0.0086199103586048000936 -0.0075582765584781049645 -0.40859254780549181252 0.91264489232049716971
1724904916510493001 -35.480172977298863657 -25.936715422584615709 -0.092804141164360337557 -0.0078020100433252642311 -0.010450937602762716896 -0.39670879388467533699 0.91785186135730711943
1724904916761517190 -34.353193200492547987 -25.851781648200340413 -0.081376657506351604554 -0.0091588047685179467539 -0.010915308708274069904 -0.38731973563386057346 0.92183534035072212109
1724904917011292820 -33.22159882480475801 -25.784086834033431046 -0.075819549861314547434 -0.0096656758435074239394 -0.010682331903154273361 -0.38052907939276131577 0.92465673751511501255
1724904917261660948 -32.118030754408188443 -25.590379634883248627 -0.082704093840301598495 -0.010897675961226632041 -0.0091548087923355066231 -0.37503021403935954403 0.92690332219288751325
1724904917512517651 -30.998250690291456522 -25.382866645821589913 -0.094613792550213501875 -0.0087329231055156414376 -0.0085992538249112238091 -0.36930833512563093768 0.92922609869418881789
1724904917762271243 -29.86603252231604344 -25.193329372817085954 -0.10348224046641990581 -0.0083412415466360620431 -0.0070213972310000866486 -0.36419806752325989407 0.93125769327437413203
1724904918013454081 -28.702918438567593284 -25.012775063473842607 -0.10646970555591467322 -0.0078682430865470980724 -0.0070909960185517482631 -0.35907360938800220174 0.93324913692286270983
1724904918263477820 -27.523518067079358218 -24.822749605012369045 -0.099052460849970824786 -0.0095130692710294374737 -0.0085843102935417824051 -0.35520363816535988066 0.93470112151634909825
1724904918513658815 -26.3538788864802207 -24.625241421575218226 -0.11637575449214811185 -0.010099244029824008123 -0.0073778262750513554785 -0.3513197521322026784 0.93617199526115335573
1724904918763732857 -25.175619566021392615 -24.417743521611207314 -0.13818221588908552455 -0.0090632030923423166635 -0.0052180617215702163048 -0.34747502864005375134 0.93763091600755710253
1724904919012581486 -23.985594550283821036 -24.223214265911007459 -0.14166509573500774 -0.0097327125238406402702 -0.0072205015882783607495 -0.34410849468038073873 0.93885168293641785286
1724904919262430399 -22.75802220742324522 -24.018130090497979978 -0.13009074642725595994 -0.010445645409848783314 -0.010698321101216903134 -0.34083493553941995868 0.94000424527415138432
1724904919512571871 -21.573487119842774007 -23.800683376198307428 -0.15322745087417877219 -0.012521083130387852117 -0.0090362814612908685247 -0.33830733932378714846 0.94090898191815242058
1724904919762843591 -20.383640616473030605 -23.555703373929219424 -0.16824828663554589059 -0.01122758859933480069 -0.0097565693141378178471 -0.33640603014705539042 0.94159956111404430334
1724904920013167184 -19.225977129739867166 -23.30202031205355695 -0.18954200248136296447 -0.013338580562190706369 -0.0073712536055913595312 -0.33330983811012043772 0.94269417029483826287
1724904920262542070 -18.054131976135277426 -23.084958780270952161 -0.23337047891321988091 -0.011321275451711397889 -0.0074177796596231471149 -0.33102206830952879413 0.94352593793660466392
1724904920512489443 -16.901874153985481541 -22.87833099836090156 -0.27222859559726231282 -0.012850281946270266861 -0.0076369557097499081097 -0.32844339924502896633 0.94440535823011872996
1724904920763039534 -15.720669579527340787 -22.618544043061174165 -0.29960172336378076974 -0.0068889360349983375792 -0.011918719000219421197 -0.32516908004339706295 0.94555568639897158434
1724904921012182580 -14.587453685706574191 -22.367737598987989855 -0.34112901534620387878 -0.011315584320157874229 -0.010434369469588833726 -0.31929769738751018204 0.94752945174717373433
1724904921261606921 -13.455708602874485891 -22.125441434954925768 -0.37528636727120917582 -0.012503002132639988442 -0.011357309405300343094 -0.31012242242579984852 0.95054656359880518313
1724904921511737667 -12.33887426500296236 -21.815902599268753193 -0.41253120743896293243 -0.0074532069523088658597 -0.011147672413008331491 -0.30041315364967136059 0.95371490300831363029
1724904921761026773 -11.275039904314116512 -21.495865734996051799 -0.46909858648668745218 -0.012996517572933189572 -0.0056638522063592331227 -0.28835420507892256525 0.95741885490231670719
1724904922010623668 -10.183303952068257558 -21.098260266579995204 -0.48952746159252774616 -0.011502234098536718784 -0.0080541148744859430986 -0.27508841289447594214 0.96131638649069617308
1724904922260733122 -9.1782985195094237696 -20.743191540183389066 -0.50088292307113468915 -0.012207896767749594133 -0.0096421777333263822968 -0.26127375698491994704 0.96513937831592577776
1724904922510186449 -8.2083236683900793196 -20.359411559594079222 -0.51955597615536375233 -0.015012983425537735835 -0.01015412988563155032 -0.24532096582795118178 0.96927247340475486403
1724904922760616907 -7.2081595379684300084 -19.90286790178605969 -0.53098306274058104659 -0.01199613601556785876 -0.016101953931215315374 -0.22920583239826786137 0.97317085149264004329
1724904923009538590 -6.2702669280926492945 -19.44291689862197714 -0.56272050605010948132 -0.016485111041859634023 -0.014528243753825933679 -0.21304834022362181822 0.97679454133165921625
1724904923259571188 -5.4409260785760880097 -19.001546756665394611 -0.58945708830982235238 -0.014630267580148471548 -0.015628603243708742015 -0.19868947911427758957 0.97982865487822989881
1724904923510242653 -4.6667508701190625331 -18.560916542447998268 -0.65175342035838790267 -0.012524226660890164925 -0.014206300052012635349 -0.18867661285018330619 0.9818566395094350252
1724904923760558103 -3.9108201285291186444 -18.127873361578281219 -0.6727054612310106041 -0.012941050206104918671 -0.01626232552207243498 -0.18114338024238704761 0.98323707303098528687
1724904924011518525 -3.1899170940815091413 -17.685531612206265351 -0.71132998590109242087 -0.012417944897753168884 -0.017028461821906440421 -0.17685014328355355695 0.98401212032834395327
1724904924262512409 -2.5854576439595127191 -17.321634874843493179 -0.72656452789609338172 -0.012700152805816751142 -0.017036081317438400012 -0.17343483467679757237 0.98461608567638514433
1724904924512336566 -2.0201252961917290918 -16.956969970475828546 -0.75208417519229453507 -0.011817071269287975771 -0.016242929040949875136 -0.16990235857208682568 0.98525616599665566397
1724904924762020373 -1.4644079340938749301 -16.574266471469503159 -0.7775163328002490104 -0.0089106703176042214437 -0.016346184190822107829 -0.16710854359390941992 0.98576271834291484542
1724904925012116196 -0.92946235582139336007 -16.203434534160248148 -0.79614097148215123845 -0.010962813219624825342 -0.016315968609805830969 -0.16374430330259029387 0.98630695477147711792
1724904925262459619 -0.41359452379018779578 -15.903796229152373343 -0.81121591576282525704 -0.010953028147380037063 -0.016156837337478444777 -0.16060180281884200992 0.98682625051879857558
1724904925511921685 0.070057257290454380549 -15.612964602249753909 -0.83245253719326406383 -0.011370951919634662494 -0.014957706500664660204 -0.15775104668427861188 0.98730014470711791041
1724904925761616922 0.53753198923357503602 -15.296677438403769145 -0.85618053893316581338 -0.010391019066266955068 -0.013372323775199469048 -0.15395069505974651181 0.98793339409609848278
1724904926011734284 0.9891641014607682747 -14.957573858426224334 -0.8978814400881980351 -0.011890110222501602821 -0.0080765101459078052215 -0.14575738453489289759 0.98921594210582097784
1724904926261500197 1.4992409031715101531 -14.62587024035831007 -0.90556277605049173562 -0.010405930420451859827 -0.00856233630969465212 -0.13261105351461710544 0.99107654169329817417
1724904926510822742 2.017088112954770196 -14.260533947232545415 -0.904887968714210289 -0.0083298746000158435665 -0.0098309062173361043413 -0.11552199185846570573 0.99322134283811414068
1724904926759865858 2.534424983599964154 -13.868895690272365684 -0.90729761651708717984 -0.011438357811779769832 -0.010431656510578200467 -0.094215097048684970371 0.9954314943787553327
1724904927009172799 3.0549174642365346521 -13.412249539693430478 -0.8929925477644297116 -0.01176644522474169785 -0.012934882403433163589 -0.069513250144512386819 0.99742776562432267085
1724904927258383957 3.5303630034212818423 -12.87802561153001335 -0.8903132283336591124 -0.0084467625604909956499 -0.013536545299203237361 -0.041235180580945572648 0.99902205882856576213
1724904927507616976 4.0031466141079530274 -12.302849328231657111 -0.89570940488625816478 -0.008882489392667072825 -0.013820529915800849885 -0.0094428128771460295016 0.99982044769048550314
1724904927756730221 4.4894124983746870328 -11.658897362827206123 -0.90579498416020298723 -0.010158302197446450812 -0.014160089241915134461 0.027121299408517245827 0.99948023286482257088
1724904928004817221 4.9915344591678305619 -10.949845512548776583 -0.89291179755170924093 -0.0094545158689320289019 -0.01771182025226451448 0.064723845736479185264 0.99770122148171980214
1724904928254343227 5.3397878276783030671 -10.165726984408019362 -0.90968733248417055215 -0.011309378578250045208 -0.019885894078868562168 0.10358819173597477725 0.99435714695763577353
1724904928503967400 5.6309195571753987153 -9.3230571009611029609 -0.94438806169407818469 -0.013155303662279954971 -0.020905498978570160457 0.14298622852141387729 0.98941641210929598405
1724904928753968836 5.8906628510079652727 -8.4186856048322784574 -0.97991989646031163463 -0.013220154822788397764 -0.021062917765296312878 0.18203548327133994844 0.98297744828243327486
1724904929005095753 6.1102250334842640456 -7.4566146842438927322 -1.0212910827081913556 -0.012415395131041152832 -0.020186665140927463613 0.22112186140102471632 0.97495819342409462127
1724904929255252552 6.0946634972373319172 -6.4692399280922385785 -1.045821539828041713 -0.010151373953053856314 -0.020766689639573020915 0.25798796781358912522 0.96587157669728185283
1724904929505848812 6.0097142647039234475 -5.4935657195833496047 -1.097854993591174555 -0.010482891164672433065 -0.016985362113848070237 0.28884129591467955223 0.95716890476081595285
1724904929756676139 5.9179355393665913354 -4.4900965579132794403 -1.1115979079271014474 -0.0079250606803818960527 -0.017482782212158102381 0.3153964268563618778 0.94876585081123876453
1724904930007362663 5.8078634927838734825 -3.4878211618160381846 -1.1381957849761892287 -0.0089184207420473261829 -0.017691001197187351118 0.33950465157975123764 0.94039570490502588651
1724904930256832917 5.5429154597231358181 -2.5916563747139109708 -1.2148368342543462983 -0.0068076325455339549084 -0.017736628697766650825 0.36309340800506795244 0.93155904010686707561
1724904930506926173 5.2429430564897883116 -1.6940394614881941759 -1.3027738351920621351 -0.0076008334344264249366 -0.018337365858882487268 0.38767389195473256347 0.92158283504041571543
1724904930757682926 4.9148894751421057236 -0.76014947374958896642 -1.3920941050774315872 -0.0071643035122657804797 -0.018518120871284047407 0.41116584378570880665 0.9113442822877458882
1724904931008830734 4.5827238248960444622 0.18233335352134388829 -1.4934249167472024578 -0.0079724604775709730087 -0.017115927767304417451 0.43051648796274721853 0.90238519407336204026
1724904931258222817 4.165896803861126152 1.0326304787155249354 -1.5464088451772894928 -0.0067351386369183833744 -0.017054787117279139597 0.44758027638031799844 0.89405574118130015648
1724904931509142464 3.7302688899867399996 1.8801343369218994628 -1.6048980272773449851 -0.0055255561973067664552 -0.015221856997994243424 0.46175475392114689877 0.88685980319860269194
1724904931759322443 3.3063295811521626888 2.7316668539484738609 -1.6520240113216813072 -0.0078948254680851794041 -0.016175594987782117989 0.47433401553653015137 0.88016093049090204925
1724904932010669923 2.8581710594563634054 3.5856821475086757545 -1.7017528275764288725 -0.008400849385906291461 -0.016138289193196875271 0.48509254986709182678 0.8742735266579648723
1724904932260835222 2.2997445845731414593 4.2354766250346251866 -1.7596230134624266661 -0.0063560405472654884357 -0.01622169088457975708 0.49446163882278154622 0.86902482428645044799
1724904932511721134 1.7290465223251452187 4.8406748898240854473 -1.8181215297957789012 -0.0066568871464249800007 -0.016540668793974835221 0.50293790610696631482 0.86413862008945563353
1724904932760949217 1.1545424872095209068 5.449455691396445367 -1.8631824084609531766 -0.0039785137170217678426 -0.018283118844324822844 0.50872267331111997724 0.8607270999876299733
1724904933011533403 0.57122667468058851981 6.0267522149306955725 -1.9448422350076366438 -0.0063776915413030401542 -0.016717042388339150433 0.51365823853154057854 0.85780829999077601311
1724904933261843426 0.042235185737835051478 6.6089738041956973547 -1.9700057787238705043 -0.0057881811213597450516 -0.015445163964344185703 0.51715491051899198371 0.85573286859598551857
1724904933511953442 -0.46883885347659842724 7.167344337400113119 -2.0053768377380540855 -0.0083797085187901996367 -0.013714935607491931038 0.51996174883926071786 0.8540383251180476698
1724904933762369943 -0.99690024481371741771 7.7434040608390830585 -2.0243406241319776839 -0.0079972654811250216966 -0.01352889884296295045 0.52295992209377162308 0.85221237524727222468
1724904934013013694 -1.5326516423652272181 8.3183867057211831053 -2.0376933537067052349 -0.0068901426839972435348 -0.013401527295735758682 0.52590073812228510519 0.85041245207391658045
1724904934262381466 -2.0249658182794347816 8.9363069945668520688 -1.9956133043206107924 -0.0080372588841059709741 -0.016414367840569744905 0.53061595872150990605 0.84741529095720069531
1724904934511856499 -2.5605278053557101181 9.5688308316577170842 -1.9506694748009969498 -0.0071375479328840731041 -0.01676721327498205405 0.53862588261622557084 0.84234795336867118731
1724904934761282181 -3.1328094661600682791 10.201389414450847681 -1.9169987503803602724 -0.0068463530421405387888 -0.015235851364917033998 0.54830854184902577675 0.83610928664774630814
1724904935011223266 -3.7275221141266321467 10.857963186717551451 -1.8848885923439120393 -0.0085047103426146835464 -0.015786173162465316072 0.56086483507157114392 0.82771317702390845295
1724904935260570607 -4.3515216501136464444 11.487493528761733685 -1.8093621819777350179 -0.0085581667531574815572 -0.015187875716666790135 0.57616628987014306684 0.81714655517251910677
1724904935509658142 -5.0124839093415607394 12.122082237842020547 -1.7247043052042190237 -0.007575827923472188731 -0.014801817112167652002 0.59260690328192888732 0.8053201669050980005
1724904935759468249 -5.7026390046631387776 12.756339487931047216 -1.6383233454684706931 -0.0096077225449334151958 -0.015674247116256000145 0.60970007852623830935 0.79241896992054483562
1724904936008294426 -6.4528181908274557799 13.396281077653222624 -1.5511731812867621816 -0.0095136779910614688999 -0.015719706601809765173 0.6286739664058209609 0.77745187935910742283
1724904936257291130 -7.2205316300711377409 13.921894323929070225 -1.4830471044871798014 -0.0098879773605559106997 -0.016700189791960595026 0.64880337503008156386 0.76070855924868185927
1724904936507069322 -8.0299377091442192267 14.414930044241236473 -1.419844694337608404 -0.012444148843344316618 -0.018932503163119385886 0.67002902124378216353 0.74198909302943427679
1724904936756531848 -8.9249412541832651158 14.911450225822969529 -1.3324782508778751922 -0.0064995324746803025823 -0.019831166151254697033 0.69156472896944665152 0.72201295457360559205
1724904937007332730 -9.8508605354984091207 15.387244819869849266 -1.2573134282909701476 -0.0038335260513324342577 -0.022121685357333560618 0.71235387292479235288 0.70146125683747728718
1724904937257411843 -10.769528065492529834 15.641145515225254314 -1.1934792237989171326 -0.0011288063271030657642 -0.024967300669046958023 0.73238491303663211252 0.6804319942873808813
1724904937507259470 -11.711598306665862879 15.83645745926863313 -1.1418308864442707762 -0.0011976546576494347292 -0.026202963450671717949 0.75174003793577637289 0.65893769484985564855
1724904937757403972 -12.700541719407185681 16.00673772280262952 -1.1301040661372097063 -0.0029616504298979147089 -0.022688076672533950134 0.77002954010900237503 0.6375978255633802938
1724904938006561982 -13.723807359939204531 16.174719013902716824 -1.1229698780941188563 -0.0021768370168868682486 -0.016900209017225092251 0.78589635479124442252 0.6181234212045441101
1724904938257414845 -14.611623937593970268 16.219740049517181291 -1.0610926020636433087 -0.0070566723381490356268 -0.018507534267302262754 0.79932273728222613673 0.60057542092105808962
1724904938507929703 -15.538918199537917531 16.260148525436136424 -0.98033860594872856975 -0.0045025310263620129878 -0.015171101354193491581 0.81037589768620776898 0.58569656764175281882
1724904938758392940 -16.437304775556093261 16.333125904150946894 -0.89414229670688749607 -0.0070770237919367392707 -0.016533801734685073942 0.81870894922328740773 0.57392700371749982846
1724904939009498398 -17.377586138991372167 16.433905290049338532 -0.80515638760354679704 -0.0046795020966314965216 -0.014967102461670447888 0.82527486748404210726 0.56451349071853562656
1724904939259408700 -18.165078268921647009 16.404874048130295705 -0.81307060771328976134 -0.0070564483691806824395 -0.018556018440634900607 0.83170722618765091649 0.55485941518846648712
1724904939509884815 -18.988498283483163931 16.360973293609394119 -0.82396334245856972522 -0.003013054162898226411 -0.018253253511728462222 0.83827085492550845736 0.5449401013169293817
1724904939759891296 -19.8073520099027931 16.299013093725434942 -0.85114199631324916062 -0.0027367923622810342091 -0.018960515273458412866 0.84452532891355791556 0.53517284838786205459
1724904940010593835 -20.620573039900452983 16.221549824240554472 -0.87758171324550482417 -0.0036610669562947280135 -0.021806276822246839497 0.85042231911360532948 0.52563576936252187632
1724904940261315979 -21.499957045136373068 16.014048151907111617 -0.84791059153573933305 -0.001129433136557822558 -0.020296630660234078747 0.85442692069065606653 0.51917377472645453995
1724904940511862534 -22.344811488153958123 15.781720121754494457 -0.8227398251250087613 -0.0032564383397423357809 -0.019517165392474986052 0.85687542554886886315 0.51514365079541346581
1724904940762150975 -23.199298076188675566 15.562051767322181206 -0.79761413554569893236 -0.0044953698609108208584 -0.018744027015030119421 0.85895380165361912006 0.51169015988766930469
1724904941012357045 -24.059159266529380972 15.356836896251339297 -0.77673221026612981888 -0.0061935594576372566059 -0.018591357426893721089 0.86089348058983294898 0.50840772646390131051
1724904941262243002 -24.8932909006812082 15.17124976434909378 -0.75058998145655297929 -0.0034816672963602539673 -0.017299371283351801243 0.86244306192031117142 0.50584639436449185812
1724904941512772346 -25.714013869776994881 15.007332467340738447 -0.73867584410836273356 -0.0032579851581277870405 -0.016298380203023120349 0.86338614206626718151 0.50426988609612055647
1724904941762837163 -26.54047650325029295 14.875138730388833608 -0.72422667783640326533 -0.0023442250954562051345 -0.016730154713880864698 0.86372904808442374502 0.5036732452961212303
1724904942012045617 -27.380164684164263633 14.76655063145538449 -0.70838464215572283234 7.8728514581074768037e-05 -0.016396820557915928185 0.8639724938644429697 0.50327196218651781834
1724904942261999892 -28.256556789227758486 14.666355371782991313 -0.68925393360650444308 -0.00017151274746061973258 -0.019473635642732235046 0.863760052049885374 0.50352688168657988577
1724904942512095992 -29.141300095716047736 14.556087321925129885 -0.69655636369051532331 -0.0036853121029582170884 -0.016912958723118650534 0.86337003896564290528 0.50427427667728408345
1724904942762642546 -30.041057799618091195 14.446452229057477723 -0.71591578599151739493 -0.0056378478972891627602 -0.01195304810006370122 0.86280899090933860229 0.50535728402607771326
1724904943013054514 -30.912559395744690249 14.365902768852722104 -0.70168517660267737401 -0.007858609384233924966 -0.013054119383788557671 0.86207882116155309937 0.50654509999640384699
1724904943262948981 -31.901826478534164977 14.240277910226820879 -0.68439038209143787661 -0.0018991025754266416172 -0.012359727143424419082 0.86112869167641936663 0.5082332209980039428
1724904943512921466 -32.862822878230034007 14.09370668597270182 -0.69425370345364467717 -0.001013689165683418934 -0.012624148673515574876 0.86025775055611575226 0.50970207564093361619
1724904943762708428 -33.820363120580843486 13.948876593322573569 -0.70408373199498608397 0.00029444566753488907694 -0.014723861016855875616 0.8594128420882866104 0.51107014007104634157
1724904944012482426 -34.759337496412804569 13.809677666169566379 -0.71890379224831157945 0.00131766709494375296 -0.017861662306697497632 0.85837607702697560352 0.51270823590112923895
1724904944262371369 -35.763893684449371335 13.705280852028080218 -0.71583069429537682371 0.0042565967394836961429 -0.018286412845010729944 0.85746250539220403297 0.51420379261143511762
1724904944512721845 -36.746137854950710278 13.582663378321086611 -0.73708928806842066717 0.0030356833664143640858 -0.017845398959871115047 0.85667089142593177975 0.51554564312576767193
1724904944762177277 -37.707776475499848345 13.431137652530512838 -0.7693690991741283236 -0.001331488418423219279 -0.016210736673778355921 0.85620721469216654054 0.51637645634185103116
1724904945011518786 -38.659638417981213365 13.257320657273012898 -0.79912845229479101405 -0.0048122303968609154642 -0.013566116112093807786 0.85557462409303286499 0.5174793382738158698
1724904945261432152 -39.609532719770015774 13.155692648814989454 -0.80774104440482075162 -0.0075050842532348787869 -0.012187193204775221764 0.85567414436363697927 0.51731702533330481408
1724904945511476372 -40.571309747175305915 13.042876293705534252 -0.79322788760449980394 -0.0076023304121352807891 -0.011509314279341245971 0.85746819850326705392 0.51435204754398111682
1724904945760265041 -41.543031537170875822 12.897384129102777095 -0.76774050524210857294 -0.0080458296831117537967 -0.013889304231060070269 0.86183925903339664298 0.50692745382495607576
1724904946010573013 -42.553844722165671044 12.702369722722778533 -0.73809934878566052507 -0.0059461479338551734633 -0.01528806582745904398 0.86831501433284907776 0.49574182217374795911
1724904946259806887 -43.532760609591669265 12.534917095908742368 -0.7052897677501875906 -0.0030682530299071322788 -0.016076028210208734986 0.87694974141018877667 0.4803033397561710105
1724904946509202877 -44.518195313251858636 12.327711794126019029 -0.66494213786230116359 6.0660700727714817783e-05 -0.017669687642789939225 0.88676186131502587884 0.46188870929694342271
1724904946758412711 -45.524688768915360981 12.064893712019371108 -0.63684610072767711131 0.001964041175164675003 -0.018560694975947450436 0.89725295659730208708 0.44112217697784406045
1724904947007808704 -46.559268021812513894 11.733768877033066147 -0.62559351735245605219 0.0031643585909028213929 -0.015166418532119203821 0.90817810385063590939 0.41829714112085497613
1724904947257402948 -47.388144528154995783 11.39314182726743141 -0.62787446593722529009 -0.00057289325628167740365 -0.015452152286785033469 0.91854863493889271631 0.39500545317111707133
1724904947507010321 -48.20213306991495017 11.003656683093399948 -0.62668866924977240096 -0.0028754588266448419948 -0.014302362583134177118 0.92887506330521885101 0.37010578343333477846
1724904947756650548 -49.053390677945593268 10.547159125003167546 -0.6159749227861531784 -0.0022031390669247658681 -0.011391895920585192251 0.93961423383823294841 0.34203868561052680475
1724904948005197273 -49.893034476286089784 10.060376623073128854 -0.59707153416572267268 -0.0025855561040658814852 -0.012868122838133842778 0.94983737254065059297 0.31246870569599255463
1724904948254850587 -50.521616939370893817 9.5075108078426318059 -0.5641583310892387404 0.00053421692071980184189 -0.010107239846089920848 0.95966483897592125274 0.28096433074021037735
1724904948504726068 -51.083212234281866415 8.9290948781008374624 -0.53620807347627774675 -0.00033192590450226502896 -0.012822050534154772264 0.96887025362499235026 0.24723655976804215229
1724904948753979670 -51.699131020362990796 8.2848330424333695987 -0.50780114398611686521 0.00082036681703875219147 -0.011751981032815021419 0.97761901294868980283 0.21005304915977526803
1724904949004314956 -52.341306076634751321 7.6003706371065797853 -0.47528944714866511179 0.0020954126037030220905 -0.012088652807502849387 0.98513696402189132595 0.17133194634116116761
1724904949254545869 -52.739610345274080316 6.8585613541125809434 -0.46578375476003974764 0.0010025713273978757983 -0.013132935631630099013 0.99131014570323439106 0.13088436070921974363
1724904949504209626 -53.114278347528340873 6.0620823073613356868 -0.45235882965931201172 0.00090327229643006538406 -0.012399580966074394417 0.9958876987543192616 0.089739210832559979103
1724904949754468168 -53.50651745039451157 5.2398993883150595252 -0.42872334935388883848 0.00095605720100306603674 -0.01444598930587310745 0.99863745552129312699 0.050136132455150403398
1724904950003694898 -53.912751919439237724 4.3661108536273376401 -0.40772261400272780119 0.0012111973745813184485 -0.011207760174347153673 0.9998317812397308213 0.014468183568815679366
1724904950253996187 -54.034285045663736469 3.4362457727888804371 -0.38111198139490148895 0.0019641956704127372206 -0.013557379476562976192 0.99975145158757527941 -0.017589043340464464299
1724904950505754552 -54.112636099300402748 2.4571007638411299645 -0.35578551163594662743 0.0024298178031140257177 -0.011264755123035093826 0.99890797551697618761 -0.045277563163643397282
1724904950756066506 -54.20778964975320946 1.4977324815939936364 -0.33709571522040893132 0.0020898482806038856663 -0.013341629858120132926 0.99759419838421103943 -0.067995946916388008696
1724904951008418831 -54.321287425621193279 0.52786250156596836725 -0.31979150076433138228 0.0013204795853812537239 -0.014169867350110403395 0.99625070635057233481 -0.085334642958943815461
1724904951259290480 -54.214433456271606815 -0.46865051018191905552 -0.30326679247722831967 0.0018563813497151347189 -0.013478746510631901129 0.99490538706187181539 -0.099890680426423419935
1724904951509840545 -54.085536650619943089 -1.4535395547386413817 -0.30075876063957729389 0.0012183565895667145419 -0.015471146544890930843 0.99347783803578382233 -0.112964350852611084
1724904951760719867 -53.977761536476542403 -2.4458233468632459839 -0.28315451741170710731 0.0024378762710580269973 -0.015642015364358982654 0.99238588837126695541 -0.12214594825944587175
1724904952011414937 -53.870861650334475712 -3.430293317178248369 -0.27971277298279639822 0.00071328342823738294029 -0.015326967339297090792 0.9915385181993344732 -0.12890284025574896831
1724904952261157217 -53.662024640526610142 -4.4343253831750448768 -0.27324383980021638152 0.0017508132739782586353 -0.015387626361239569242 0.99091644502899867142 -0.13358426022154726298
1724904952511278455 -53.43403348941462383 -5.4337084556269976687 -0.26614401570951567999 0.0027834626054823686722 -0.015532459103506172579 0.99021607785128384904 -0.1386474457570056884
1724904952761485071 -53.192804726906707913 -6.4442352112154646093 -0.24595287005747443199 0.0050245206418009554644 -0.011961665387587142734 0.98975269328013992798 -0.14220154323418682241
1724904953012176657 -52.925205439816124908 -7.4153920260114301044 -0.2480996796918815972 0.0058769799160753657952 -0.013463518220794883085 0.98922702397491779625 -0.14565057439609213619
1724904953262052185 -52.651245021122910828 -8.4193843125895657664 -0.24807824125780494895 0.0063616226883314481999 -0.0083205575998172003754 0.98917342103541527898 -0.14637705146331000949
1724904953513025960 -52.362660240985412941 -9.3729735941757734707 -0.25850782687070572585 0.005783871368252428008 -0.010762496379672767052 0.989012629299231949 -0.14732526799667905459
1724904953763132721 -52.043253874017402438 -10.332670339161621698 -0.27911378782748497152 0.004290384554170994201 -0.0097389839914256252917 0.9889599035022506035 -0.14780072413899569828
1724904954013823779 -51.697285038652154299 -11.266650145172592445 -0.29230388262181405956 0.0020936388049104161929 -0.010032024114631060349 0.98888286869589059336 -0.14834300512159126484
1724904954262047638 -51.500393551639596978 -12.151877506796118666 -0.30298742182047555538 0.0015685140804971844583 -0.010331986264263237629 0.98886414962215696267 -0.14845364062717672504
1724904954511862227 -51.304753455527709605 -13.024113131379793984 -0.31065882110459513976 0.0013361533064004951169 -0.010557482173375570822 0.98879381487998974087 -0.14890784371408249953
1724904954762188635 -51.088185379921348783 -13.888127795054000302 -0.2997234422643643148 0.0027379256756983791875 -0.012785573800131984704 0.98845302613782604073 -0.15096240586507048143
1724904955011822096 -50.832581650407632878 -14.77445840560118917 -0.30265271684630734583 0.0025267725246541990376 -0.010711888105876494343 0.98774458377632134987 -0.15569042390062876047
1724904955260814828 -50.720793710554175959 -15.623341777826063037 -0.30516743016035674518 0.0023705823679860964399 -0.010696697843479300097 0.9864202032340836368 -0.16387539060551750691
1724904955510081581 -50.608721848818206013 -16.493730669695203517 -0.3012646369978450589 0.0043220223893791209768 -0.012249324979014784842 0.98405643415682664266 -0.17738153386013835733
1724904955759456610 -50.448299821862669035 -17.41125050747731251 -0.30115836288813158106 0.0053032507606691255825 -0.012981522292260816789 0.98030807248964013656 -0.19697573104824833701
1724904956008962848 -50.22038873146880178 -18.38427053336070216 -0.30347449566542350485 0.0035993979574561589009 -0.0095098277745531822197 0.97534972065661762475 -0.22043032895928915682
1724904956257946415 -50.00240174686852157 -19.276462937228718175 -0.30296559176430820637 0.003347666215357167005 -0.0087729688340782742417 0.96867253905194372621 -0.24816393822513280187
1724904956507185966 -49.729820083012143073 -20.185431737092688564 -0.30821098092225307497 0.0025589835342039700394 -0.0085432500277212285872 0.96013776208786616451 -0.27938493569829347951
1724904956756475416 -49.400973449657890058 -21.121028947266569986 -0.30283450503863496017 0.0025210671170662118587 -0.008937594278959156216 0.94968742386713300707 -0.31306159230685626227
1724904957006110199 -49.009429653396892945 -22.088437898038545626 -0.29036268830382999662 0.0026734741021700071661 -0.004829975234995765275 0.93836166743068827323 -0.34561091558594148054
1724904957255758557 -48.520146850121172122 -22.827010112132800401 -0.27204124147244473919 0.0037313799190759819324 -0.004799307899999905383 0.924790123143342635 -0.38042906248616437104
1724904957505479187 -47.96243688907801328 -23.531683787261222562 -0.24488162222959897196 0.0047554276933305947642 -0.005067354404592191823 0.90947629335782365079 -0.41569770223914598306
1724904957755239807 -47.345771747890069037 -24.259747717728970429 -0.22323635081820838999 0.0052750137110820069161 -0.0041338601654165212443 0.8923179329262760362 -0.45135772067026685983
1724904958005157985 -46.683077202781376513 -25.003956401269451959 -0.19974897970638894051 0.0061114640753510071636 -0.0044117265037849715675 0.87304294725196807114 -0.48758506840315457564
1724904958253655609 -45.935728664284098954 -25.478785073527422611 -0.16755825281885522449 -0.0069139480574541460969 0.0042630938106646473068 -0.85171007963802491947 0.52395034459040989994
1724904958504167349 -45.122407592695495282 -25.913361904841547556 -0.14006114522138399248 -0.0070470371566895700921 0.0045617456192987527672 -0.82818871238817470815 0.56038646166465733156
1724904958753711721 -44.254477331361130155 -26.360277343187476617 -0.11220403319723015745 -0.00757029141290454545 0.0044732516252778131705 -0.80296017100101324537 0.59596782169328921253
1724904959004209413 -43.326600832620236758 -26.820118830260256004 -0.07601144993681134554 -0.008348275893376850415 0.0026556268883011343793 -0.77661744254599174297 0.62991158258025470307
1724904959254250998 -42.340678571958186183 -26.948584109030569778 -0.048724213292226620231 -0.0082636499090569109915 0.0032643521919837790134 -0.74997737663517549667 0.66140380300567358507
1724904959504095085 -41.318107987114139235 -27.017239763785312334 -0.01311657622352001111 -0.0076568123525783430769 0.0014368630634023558772 -0.72482226658784454365 0.6888918569032398409
1724904959755098657 -40.280547778017393057 -27.074081054142681069 0.010954048676919628941 -0.0067281684082216488413 0.0011977496962392376097 -0.70250338062969719388 0.71164759351056827708
1724904960007057891 -39.232029323580057678 -27.133011897038944227 0.042602670834155489943 -0.0063412997431363362158 -0.00074750808918658099862 -0.68419040324690139077 0.72927547693177430244
1724904960258725506 -38.259001886455159536 -26.906762487767956316 0.068896934831292888646 -0.0071467347570691964684 -0.0013211146533871535955 -0.66928358480395455654 0.74297150816861934342
1724904960509399094 -37.320598377265049805 -26.63650945877547116 0.089159739377002000804 -0.0074229270311697475096 -0.0031743195991713328737 -0.65935270825439862286 0.75179041625107356772
1724904960760849925 -36.407065631623673596 -26.362667552907439017 0.1089861765921515957 -0.0079963807587646422437 -0.0042316825349700860903 -0.65414360928293679986 0.75631626267850182721
1724904961011898047 -35.520357271093445206 -26.087930678542864626 0.11554003764015743916 -0.0076024360902222512873 -0.0043389561503128183315 -0.65201549205619879768 0.75815511245637090543
1724904961261333197 -34.7361378546779207 -25.777023556671572635 0.096829778410210856632 -0.010452789435248252894 -0.00064127212085410690949 -0.65188369185101846526 0.75824664869801827738
1724904961512263520 -33.942592509792355315 -25.474833591327463722 0.073227234020462286801 -0.0091877471064460824318 -0.0010294340677362537502 -0.65219491922256400684 0.75799492934246059939
1724904961762240176 -33.148763880979046803 -25.191678449384916405 0.052100129010257130446 -0.0076091072259544473635 -0.0023066113217583127798 -0.65258601672806793026 0.7576729319451950273
1724904962012526849 -32.376943131342208915 -24.918390877568544539 0.024663990471970580892 -0.0081452939375839267938 0.00077650281129718133188 -0.65222933576188568683 0.75797753581597915318
1724904962262868168 -31.525068859474757232 -24.716596582468458365 -0.0051230283704450747459 -0.0059856837242282193851 0.00051364423484147976248 -0.65310607815531152021 0.75724260210089966439
1724904962512619719 -30.68624142219686135 -24.547727915658004605 -0.029845044572837750585 -0.0063667220669367001126 0.00022872259728516525245 -0.65428705131668740691 0.75621945691406933232
1724904962763194995 -29.8569507399327847 -24.388114665103692857 -0.048195059929066794147 -0.0073270958757537252293 0.00052957383704100571484 -0.65588370756497627045 0.75482620209449469151
1724904963013638823 -29.022727119814998531 -24.236506664742222483 -0.061621311973418635421 -0.006632634727487856513 -0.0027132144570693227451 -0.65786692244775257787 0.75310009890651596898
1724904963263472387 -28.079175029189684665 -24.089533056119297072 -0.10939036395269033375 -0.0085552716463350581 0.0025323478789392428988 -0.6590897261711093913 0.75201138781069643002
1724904963513336814 -27.084771692534946652 -23.955800572725667763 -0.13409719580459497634 -0.0066568550162767305481 -0.0021266519945083027683 -0.66100512825180179899 0.75034884157797265836
1724904963763204617 -26.132654154443422101 -23.803251968032693497 -0.17237416650048140165 -0.0082570091778954544937 0.00060682806666979751536 -0.6624916474167604763 0.74902354479826627198
1724904964012230899 -25.181960465884248634 -23.644374877853817196 -0.19980111445101608747 -0.0102557420835767861 0.00044975848332316580415 -0.66349730137825069232 0.74810824653615504154
1724904964262318313 -24.098271381019291226 -23.540502602870606808 -0.22585100261501794838 -0.010250190814784740714 -0.00021095513097903290599 -0.66501465435464657272 0.74675993370009041694
1724904964511569178 -23.020645595465449418 -23.423150620339356465 -0.24231575319277076641 -0.010503242739040895629 -0.00012396337759888024252 -0.66642462278782410579 0.74549841627407364975
1724904964762009156 -21.947008721569407186 -23.274863639562397566 -0.27301401049340573435 -0.011769092517174570625 0.0027181111022288452321 -0.6667789070935418172 0.7451576943093990435
1724904965012210251 -20.845745882486465206 -23.098846685997699524 -0.30303436631064994966 -0.010270131129951728249 0.0024544594464958107913 -0.66523920464057240132 0.74655562461519053841
1724904965260607441 -19.72663093169708759 -23.015436967450142447 -0.31397790473995812466 -0.011610137489448927109 0.0036243362543212794512 -0.66022075952551884104 0.75097311375690312119
1724904965510384969 -18.551097630091717861 -22.920750113044562113 -0.32060924064440499137 -0.010118558352965177638 0.00065350822975657619617 -0.65275353737093777529 0.75750247996529940231
1724904965759289420 -17.344152008784366359 -22.79336907161910375 -0.32032818477200802887 -0.0090067256474437775576 -0.0019077341107569451874 -0.6428077365432650625 0.76597222748856819141
1724904966009313747 -16.139155140837250002 -22.638927294711518101 -0.33481714850989580112 -0.012742849929983583734 0.00032560070700863842858 -0.63140183361835833242 0.77535104195661985749
1724904966258237458 -14.959318767928687421 -22.519009048054982713 -0.35951597007268221162 -0.010846985083228774527 -0.0022800880888617721005 -0.61908015902382573792 0.78524957867925393451
1724904966508415231 -13.783345686551813358 -22.364257375728573862 -0.39714092622713365044 -0.0079148776717620373394 -0.0014582514693347759394 -0.60692518699407993488 0.79471821773902606711
1724904966758576939 -12.609529210903282603 -22.183410451197588031 -0.44448583786839607201 -0.0089066306448496099235 0.0025030103679234269251 -0.59445248419448071253 0.80407751548259609464
1724904967008022295 -11.414662298184900635 -21.982479987912515895 -0.47085920758608179604 -0.0099108476644514005571 0.0025550646960677465304 -0.58277233476915402122 0.81257101386320695902
1724904967258357112 -10.378188443010721187 -21.753530592285365231 -0.48606072999899735398 -0.00981266244137586445 -0.0016744267595236914624 -0.5722007084545327471 0.82005320388068081439
1724904967508698271 -9.4178014903795332913 -21.477658987935964063 -0.51638549671109068573 -0.013530936645088760539 -0.0016081796734604000224 -0.56324007572214496165 0.82618093939049264129
1724904967759176152 -8.445808397500842446 -21.142599114045719233 -0.54352112085751835835 -0.014346472045828610742 -0.0057895766084643069879 -0.55571167377573682522 0.83123113222009548107
1724904968009649978 -7.5273675760846119331 -20.758660267192439619 -0.58743788209334224515 -0.01589150912207746083 -0.0047887429022295284128 -0.5511326402569216576 0.83425256410913939398
1724904968260185104 -6.7914596291672681971 -20.407305930419994411 -0.62892408401075416968 -0.015966449248780881925 -0.0076023538196084098489 -0.54742814842649134555 0.83666582279015733192
1724904968510352857 -6.1234410588723076074 -20.035103986172011048 -0.69268812971197335493 -0.015819215151489405408 -0.0048690659234147783477 -0.54461853418174488439 0.83852054050855073797
1724904968760943199 -5.4399380108607120476 -19.651748555385328388 -0.76416010910346188201 -0.014727811977437157628 -0.0041843762940442629644 -0.54162766464584155557 0.84047906305849107156
1724904969010722827 -4.7462755105792986399 -19.268412134094262456 -0.80224953043595659263 -0.014232176125636127398 -0.0073680697788809732668 -0.53829327028680784561 0.84260519335831063348
1724904969260965204 -4.1629824327798869987 -19.006615862852218157 -0.85572018119423309823 -0.015195849177075766365 -0.0056984777162207567169 -0.53398027812789139457 0.84534115958585931416
1724904969511037519 -3.5831176818631544911 -18.752517458191789501 -0.88094297217445161063 -0.0147561851197254984 -0.0073420279811804989301 -0.52968030792668185924 0.84803721676618171177
1724904969760994144 -2.99862485414596458 -18.477151523030812541 -0.92689036309081385134 -0.013753665729708762153 -0.0068773428853767830035 -0.5242920555401714422 0.85139965899176539565
1724904970010949189 -2.4024397013601266337 -18.187265777717882997 -0.97438839949205124924 -0.012290949960319040232 -0.0070818138611442038588 -0.51798268481217957238 0.85527347596910485716
1724904970259329078 -1.7987994791194301669 -17.920849024833515273 -0.97861347753255079063 -0.013940776233691026809 -0.0071469376492595756978 -0.51051283712558603867 0.85972740980512218911
1724904970509521633 -1.1804804901990373356 -17.627073079544842926 -0.98358791071615503387 -0.013255025389486765897 -0.0065527551812075129217 -0.5026342998901038861 0.8643726778857856452
1724904970759218474 -0.55871643098955303675 -17.3170994583105049 -0.99182225668695500609 -0.012950421531747604437 -0.0057179685104383750835 -0.4946015313746854325 0.86900455498235429364
1724904971010589137 0.071320227128698052144 -16.97346284846983977 -1.0111990749663588574 -0.012282512266193578235 -0.0022349802314760259733 -0.48438574897549713238 0.87476544910349662842
1724904971259412772 0.73530470777090661816 -16.611129318927034149 -1.0210956901931489416 -0.011121021188472052232 -0.00097534244282519830423 -0.47085144996199884693 0.88214187275263622467
1724904971508662822 1.4520728206139477123 -16.207835142006160822 -1.011252589522274814 -0.009696594031968229499 -0.0036283571396225201659 -0.45233645364590036042 0.89178727496623133586
1724904971757146832 2.195885275338486764 -15.756601356565921535 -1.0027964640360123028 -0.012749435206813085689 -0.0037679874672236473437 -0.42738659514288634966 0.90397121218793485831
1724904972006230747 2.9882484701958742512 -15.234351478141537228 -0.97638535062150666466 -0.013778284736887653344 -0.0067078448305757541401 -0.39857431003942100922 0.91700800599778697908
1724904972254494443 3.7072581751430009334 -14.583249353648536584 -0.97730369685684681524 -0.011934456606909671361 -0.0088605351880694828426 -0.3633295735972979501 0.93154209814226029973
1724904972504050990 4.4287996484921512419 -13.846422292101982165 -0.98952118930570820421 -0.011721118948319415171 -0.0095229628731668264363 -0.32377347609864681743 0.94601409330078933824
1724904972753384917 5.1673215395853713261 -13.055831460251280163 -0.99179553342819337658 -0.012880294269266793356 -0.011866632814803532159 -0.28375179351051482701 0.95873781646743339024
1724904973002982899 5.9092126938364026856 -12.20968481353866153 -0.98961085033127516031 -0.01329824908116256782 -0.014222767790113902131 -0.24576579342407273154 0.96913365653577399073
1724904973253366965 6.3431085813459038292 -11.303945415003646247 -1.0119860902049235829 -0.015862012077861538384 -0.014675433093050230596 -0.20891857341342365273 0.97769425584856206601
1724904973503752991 6.7188429585969053903 -10.341548502385599306 -1.0366511193760379328 -0.016502303198229536368 -0.014622002553359108798 -0.17351734471959659456 0.98458397412914655522
1724904973754398398 7.1030412525527086842 -9.3331898536816879641 -1.0695928998189889736 -0.014046682542379906183 -0.014092649564368078807 -0.14143297460630235851 0.9897478475004745091
1724904974005127559 7.4910293756684467326 -8.3254682859570579012 -1.1033742284008021262 -0.015202655860920708669 -0.013870557955538886236 -0.11263949963528664677 0.99342278512156589887
1724904974255437182 7.5825122918917120529 -7.3247864326034548554 -1.1106643115967169688 -0.011935553946081697146 -0.012625666617125802516 -0.086743406646632117973 0.99607917180202620866
1724904974506290044 7.6190671128631333175 -6.3254978684406450995 -1.1135066129938446799 -0.012366842178846074521 -0.011742511231605554795 -0.06182992667141955917 0.99794099766083688152
1724904974756596292 7.6593145530207475957 -5.2765780573712683932 -1.0995167771186924455 -0.010380831563980711177 -0.012519990029675088714 -0.03707725438457875472 0.99918004653465652964
1724904975006885574 7.69611880221480682 -4.2089307938345728033 -1.09300499875701429 -0.011775385638269166011 -0.013307430722971797313 -0.01229102322301473503 0.99976656441829181432
1724904975258100202 7.4801616693767192245 -3.3043438582443966922 -1.2479143578649216639 -0.010523640559967319813 -0.013926265100404915456 0.012144214748617888563 0.99977388952595536153
1724904975508067674 7.2065646926245188197 -2.4222172812578457446 -1.4357118849037815433 -0.012755246563199183069 -0.014461559388550804944 0.037327329345084946099 0.99911702891559561746
1724904975758123509 6.9063156997880348342 -1.4758372230686025439 -1.63416684828635006 -0.012252016453857558428 -0.014043797555868778315 0.064429344059459603411 0.99774822448706546041
1724904976008025258 6.5833676102655838136 -0.493628181940629851 -1.8261616007221308511 -0.011329363349115929155 -0.013959616939379434694 0.091573179745007879382 0.9956360416198269947
1724904976257233035 6.2158503968082872149 0.36121103357911771292 -2.0501406034601905581 -0.0089227876664536385359 -0.013370160296611864267 0.11719684860496772105 0.99297861072178517094
1724904976507881278 5.7734052231500863073 1.1701260610845305443 -2.2738118919784171545 -0.0093768576057903212789 -0.014025888587885674413 0.13952502788668680322 0.99007480302448869214
1724904976757900639 5.2380962408276658948 1.9548587237982835152 -2.4984453509828883355 -0.0095460117471072060413 -0.013352409802784032805 0.15792601807635400779 0.98731451910053946719
1724904977009331037 4.6306916455787572318 2.6976312052519042517 -2.7298972069205151847 -0.009576753151721918364 -0.012914515321539468337 0.16992643664790751945 0.98532558437362505188
1724904977259894094 3.9949674386817970451 3.2637278596029721811 -2.7670123434454318989 -0.0094643603096168892053 -0.013416050420986615904 0.17634014384826593447 0.98419235373101920938
1724904977511318031 3.3023811206290778486 3.7723640817473897968 -2.7732180374704000769 -0.0076149748832219235975 -0.013610782846726902223 0.17868875066002001817 0.98378203334650704548
1724904977761455138 2.5492265304203751697 4.2300283923227253169 -2.7734441232463193927 -0.0087012655561259574788 -0.014432726934117155043 0.17934281984114142094 0.98364228118884511343
1724904978012211317 1.7271846809543773826 4.6533745830804837951 -2.782643856781490399 -0.0094844964329543670484 -0.014187213730509688064 0.17845984289374039466 0.98379919280731231712
1724904978262320673 1.0570144376245242945 4.8528945729479584514 -2.6304153031446744215 -0.0087725221960060304621 -0.013878058776926861795 0.17776563905123002329 0.98393588201244730485
1724904978512043884 0.36421586710809211729 4.9929520680882930606 -2.4539343935051278756 -0.0093788293542011024612 -0.013752847996458667651 0.17756044277899296624 0.98396909803715848497
1724904978762002612 -0.38776708167895651558 5.1132845203552550473 -2.2794255158808254258 -0.0096768592038780354425 -0.012276245495066510222 0.17733035414583092626 0.98402723422220761407
1724904979013234335 -1.1396297720567223344 5.2362009456279983155 -2.1021139003495745712 -0.010398549697861995608 -0.011809480069468185348 0.17811282258827601521 0.98388425578129223847
1724904979262925370 -1.5878024010801243815 5.3024000919932259279 -1.8114025379687372919 -0.010625476823095624662 -0.012193702298210302645 0.17920824804931703711 0.98367820790014404153
1724904979512446472 -1.9963620204115970491 5.3469912124978096202 -1.5043232335107750153 -0.011134877714463899123 -0.012374524791368775659 0.18025913177817368127 0.98347828193867647961
1724904979762662931 -2.4102555278387667315 5.3876103444528355979 -1.1941445795597456225 -0.011472763376512814387 -0.012582985518444399914 0.1813319040110212832 0.98327452156744443723
1724904980012347156 -2.8231722763194002646 5.4231383359359641716 -0.88552049604927085547 -0.011831588983542674909 -0.012902578125010857185 0.18247727059271612315 0.98305421147405980253
