1724904717761728348 0.18313768178530198671 2.460405777912923142 -1.021678222194144281 -0.0075051054805000301517 -0.014661846180709914994 0.68689290007880765554 0.72657198368752506923
1724904718012378141 0.19634093376777972395 2.459548557418425041 -1.0209134165897915114 -0.0074771508018702699527 -0.014637407874510238379 0.68696248378611213248 0.72650697476143810682
1724904718261665941 0.20011408870152092021 2.4603405616936040445 -1.0222847026373473867 -0.0075099134880625764699 -0.014476479633583883705 0.68699839774337467802 0.7264759006566265942
1724904718511702608 0.20549723281355156135 2.4731765748749747758 -1.0311535560937068468 -0.0082472026377336110636 -0.013608880291221352871 0.6869129947993312113 0.72656542692429648689
1724904718761596000 0.21226780575286527397 2.5235946894720564515 -1.0313383293866784651 -0.0080870372309358035112 -0.013533508205022358115 0.6869348456911463785 0.72654797622715294736
1724904719012062269 0.22094546584038099457 2.6060990800018668523 -1.0315773532932759338 -0.0076881603872656209195 -0.013283712843350198307 0.68688333383247102137 0.72660561576837900954
1724904719261968365 0.21169336788695561347 2.7237899400148370965 -1.0325413783811903112 -0.0072279332956251404405 -0.013008276817351338561 0.68681200057444213858 0.72668274892242346041
1724904719511954383 0.20518061834292478096 2.8715301596678668439 -1.0324108220829839588 -0.0071927433547297045177 -0.013091223204841288819 0.68688203298038952305 0.7266154120900278901
1724904719762410364 0.20195654802982418441 3.0460971650971995217 -1.0276256467625504154 -0.0068551458701281578825 -0.013880125715965327057 0.68688971973162771256 0.72659676713581256013
1724904720011887577 0.19805786627377799936 3.2361354009505807205 -1.0251987456385867059 -0.0060340861523831643837 -0.013834752990231605554 0.68651858627059036966 0.72695558331925280715
1724904720262333375 0.13006789097098950259 3.4448238185260895428 -1.0277438171720529869 -0.0064511175823983388927 -0.013697888133344365141 0.68660196751592306175 0.72687584163038987395
1724904720512193112 0.059970699808223122684 3.672953036166004992 -1.0256434590043070898 -0.0066511255768320013543 -0.014086900186276025276 0.68675197868828163905 0.72672487334577540175
1724904720762407519 -0.014275393037376819458 3.9338801655333033302 -1.0144981989131911515 -0.0050548437275476313518 -0.014706071701981215591 0.6870626455051919157 0.7264317594663610711
1724904721011677810 -0.089958876929831191327 4.2193555354126983659 -1.0159116396274638916 -0.0042663138605961679894 -0.013786417679506167075 0.68725679975200937299 0.72627117831305643136
1724904721262959032 -0.2340641961005191507 4.5444241809254846132 -1.0223059064147979047 -0.0061592672057725755819 -0.014333086296973100715 0.68838179149878320207 0.725180760360902954
1724904721512983564 -0.38513155462696635478 4.9013614062697925533 -1.0299261040978728854 -0.0056320339600021019494 -0.013256053943993765382 0.68921490247703187659 0.72441381504695412374
1724904721763038752 -0.52996802881604621049 5.2966835860848302531 -1.0403252200438029007 -0.005895407714969882855 -0.012314140663636988574 0.68981403225556592318 0.72385786381782690757
1724904722013066297 -0.66962901210809100405 5.7266577869633374931 -1.0457242959086578971 -0.0064546988203798855849 -0.011847376378543128875 0.69030029769481449087 0.72339717689422455837
1724904722261578970 -0.91864755560727595629 6.1957091490277065304 -1.0597234163875790536 -0.0082699705471676841773 -0.010946664220003546678 0.69195166687775966352 0.72181345847434408292
1724904722512012877 -1.1642738335908437985 6.6961127648325247108 -1.065963558398403066 -0.0065560687163867649788 -0.01034662953532951811 0.69294798640486066077 0.7208835227397654144
1724904722762947595 -1.4062969969352123734 7.2121374957026738173 -1.0687806865386926258 -0.0067211013646102232486 -0.010094096510605074166 0.69422949250939103294 0.71965154605700298873
1724904723012739443 -1.6532871692849158141 7.7383991921985435525 -1.0712363905616766324 -0.0059344714096370102668 -0.0098107950001917621635 0.69580969843189222068 0.71813466280264715014
1724904723261651529 -1.9794311687349450679 8.2963106824644672344 -1.0681234502790826202 -0.0046670695312187567352 -0.010737168026133871168 0.69689782133112643248 0.71707486241584217357
1724904723511964554 -2.2806100422467854294 8.8460070305720908124 -1.0704478855511172508 -0.0047849020059741870226 -0.011150617632037819471 0.69781343015953944953 0.71617678343282997755
1724904723761838223 -2.5958427305432980603 9.4074380887596600331 -1.0790716335962444727 -0.0039304461714768333669 -0.010528167828887905963 0.69927454554907220174 0.71476486988533394218
1724904724012609367 -2.9041322007365546476 9.9799582920524372298 -1.0897918170235174617 -0.004451182609807565263 -0.0096949174407018542943 0.70003550651070278743 0.71402835039898515657
1724904724262916531 -3.2825616301947246889 10.60197817090815775 -1.0979357045617832433 -0.0050834523069105668619 -0.010461432464492752964 0.70087545226714542679 0.71318883709208336086
1724904724512983278 -3.6444482982527000026 11.229938753640620774 -1.1066809227729137444 -0.0052836486555523226594 -0.0095640611409041256102 0.70161889434814961319 0.71246862308810343656
1724904724763088301 -4.0188756517204211605 11.88954030808931428 -1.1096097529160475759 -0.0028262260329719327348 -0.0078023605017941413328 0.70171107507535346315 0.71241329488829874261
1724904725013091981 -4.3604076228304027296 12.569480596832729447 -1.1084677511714844389 -0.0046688013138475540492 -0.011248649816903934576 0.7019942267920260548 0.71207848986067090458
1724904725262593795 -4.741932365854811593 13.268122266635314688 -1.1112252672366333961 -0.0031092404137273996559 -0.010638872684139554642 0.69987761957999683471 0.71417677407144641855
1724904725512637080 -5.0900270872303865488 13.956667088610611671 -1.1094415458543449571 -0.0011028898038814721489 -0.010448313377348535103 0.69605375683633108341 0.71791279691594778178
1724904725763351708 -5.4149750176576167959 14.642768811741982304 -1.1086521208046666853 -0.0018462041921505571284 -0.013037777120840365885 0.69218514252953600163 0.72159984503822771629
1724904726013171721 -5.7365633756115794739 15.31302182973315773 -1.1200315481697569187 -0.00098734598558888929734 -0.012378349687805370247 0.68688915627321933677 0.72665610064264662959
1724904726263499960 -6.0433239069632138651 16.028979760142867406 -1.1141598807842723051 0.00200515357020163024 -0.012145030560460229677 0.67988669899694065268 0.7332138529234762947
1724904726513465205 -6.3069260113727763084 16.716544118130634899 -1.1235824438242736356 0.00050801678087517216417 -0.011771884732528634793 0.67264607966567047104 0.73987054013469077951
1724904726764079597 -6.5674074176142118731 17.398805563636017268 -1.1354802335728904072 0.00035185264483599980106 -0.010023988597415222496 0.66456350878308467767 0.74716446559390814475
1724904727014161605 -6.8042878670462298984 18.054999335354956713 -1.1559652865513889708 -0.0015096593553417573218 -0.0078107318660774029476 0.65577346934511993037 0.75491580345056519263
1724904727264265098 -6.9914935842193761673 18.751125080376212395 -1.1686372561456532804 2.349566312430359085e-05 -0.0045661888391347743577 0.64616884644027094975 0.76318082474436466089
1724904727514223206 -7.1398297895453488593 19.429970636601336054 -1.1769408172184478989 -0.00042386252833222080221 -0.0039629511994321887924 0.63670347820001826911 0.77109843483588169644
1724904727764055071 -7.2689385022358594668 20.089762859748066859 -1.1823434903856211431 -0.0024674738602102237739 -0.0042959571436698620189 0.6270344540198172778 0.77897576971112436617
1724904728014324778 -7.4028314696460872923 20.745056226631234608 -1.1758150308052457422 -0.0013756025447201173945 -0.0053473408050829351196 0.61817932804618247467 0.78601770466085774114
1724904728263677338 -7.4913651342141029943 21.463692728108750174 -1.1726691916357503409 0.0013332334372513545556 -0.0054420853838575552683 0.610520552155617513 0.7919805942009415789
1724904728513849979 -7.5397764793683359485 22.160423164369632332 -1.1721756018536815258 -0.00053201415642373348254 -0.0072724946655832352349 0.60305205937904271529 0.79766850349062412562
1724904728764055585 -7.5979454939681518866 22.855961225386757008 -1.1794528696242241317 -0.00011702656595433627996 -0.0071191169728756689 0.59545013576805683186 0.80336071617431725755
1724904729013362194 -7.6486245382300426243 23.536129034430956608 -1.1919360949882340517 -0.0013511755502983199655 -0.0075328115426801494497 0.58918397404446287702 0.8079626698084936276
1724904729263017713 -7.6714861105585328005 24.290966686705647959 -1.192143111181239945 0.0011031108093367378471 -0.005998746397516375832 0.58437259704825927908 0.81146254750744550854
1724904729512785514 -7.6662419436246720394 25.02205219359120747 -1.1884983942103171106 -0.00048491007414804839599 -0.0063784373431994808093 0.58094081995922175476 0.81392066204537771856
1724904729762583794 -7.6683082844643344345 25.746034953072854279 -1.1859402104425798008 -0.0024491256945765507019 -0.0071982800175906065318 0.57903763672741737079 0.81526535667919042272
1724904730012901083 -7.6854003437620601602 26.462759051967999824 -1.1898942323104504393 -0.0025544976679451290857 -0.0058677171926965043108 0.57687552955290100076 0.81680699546445545423
1724904730263313167 -7.6723521385353237179 27.221549472806611192 -1.1774303695548629101 -0.00024022365688315466207 -0.0056995597415195452945 0.575131657251563011 0.81804097338606329703
1724904730513263618 -7.624862437726977582 27.935475643430493164 -1.1716549880056195132 -0.0033314512536851280562 -0.0068774388227364965931 0.57424568581469903616 0.81864735667501531413
1724904730763266050 -7.5831611063558703734 28.646392067888143629 -1.1679528055615837623 -0.0045139768582062650068 -0.0074545960301082500599 0.57284326012682718066 0.81961860175219303226
1724904731013266295 -7.5538982952327842213 29.354847342007278854 -1.1561271069218077567 -0.0035103914059052255224 -0.0080002914345266001178 0.57182450080460600628 0.82032945379810862097
1724904731262280939 -7.505996835666788769 30.073348192837165982 -1.149353863295911049 -0.0033210358000902748081 -0.0084293922764136115788 0.57163709729122036407 0.82045654672720635947
1724904731511793382 -7.4489906710795228406 30.779213679124580949 -1.1353303663930947032 -0.0025908717779317088671 -0.010252399982750843091 0.57310161480742605189 0.81941608159905210407
1724904731761685122 -7.3936744863827579266 31.482959883404415535 -1.1343745628299628514 -0.0028112272022202270186 -0.010167701783957542455 0.57418342248630427349 0.81865872754400192957
1724904732012248452 -7.3443980139184912304 32.188033448227763245 -1.1317876438168328335 -0.0027513470192053672385 -0.009872491560010122208 0.57567033452644600366 0.8176176551091510758
1724904732262353691 -7.2943683651274326962 32.903707763221845539 -1.1221977783401806406 -0.002134099941048266634 -0.0095648300204496054105 0.57628733676966814592 0.81718839022776412762
1724904732512382153 -7.2409109680757106631 33.593696708908261428 -1.1238456306645165927 -0.0022277734896142039472 -0.007895568996443769888 0.57721927000857164991 0.81654798471753819999
1724904732762353071 -7.1794069230441515117 34.281478146029520815 -1.113366998020120624 -0.0025035063684816769893 -0.0079458605203345088891 0.57797897050989355261 0.81600913316259993113
1724904733012400510 -7.125178847494818335 34.967855326064629651 -1.0933838333414234167 -0.0012362922775579470586 -0.0085011551529095112645 0.57872852305976429932 0.81547501404980815565
1724904733261875100 -7.0539447368637233637 35.653951798376397164 -1.089851665850219975 -0.0018628749422675871302 -0.0087616507646362997569 0.57940440789735470073 0.81499097865064995538
1724904733511665969 -6.9793309551873221608 36.332442350283322696 -1.0734184590566548945 0.00019175608088821822746 -0.0098601054727049455839 0.57998124887747160017 0.81457012742930923199
1724904733761588970 -6.9167282182458951212 36.999397399440447032 -1.0726620082984199556 -0.001607182636921079431 -0.0098526512884191865677 0.583107388716787578 0.81233374634472099718
1724904734011010133 -6.8916680648409522902 37.675402650408557292 -1.0691567825733927499 -0.0014483999961588274723 -0.0097491259496718281341 0.58957630386898995933 0.80765254818941134562
1724904734260409793 -6.8984581348923388333 38.348737730008323865 -1.0709817505492755796 -0.0026251623557920606387 -0.0098951229755846505098 0.59749200551611147958 0.80180951503972508476
1724904734509917674 -6.943656765242066875 39.022218522119800355 -1.0755143854064403985 -0.0016743842816456398683 -0.0088544941113714234482 0.60721457094433750612 0.79448678982359011158
1724904734759948007 -7.0137346426766979945 39.703515722684947775 -1.0674386545989260622 -0.00032567216775116527563 -0.0091371981833711837101 0.61830747109156214414 0.78588311900648033514
1724904735009694798 -7.099800131656982316 40.376498056105496914 -1.0695150960583308386 -0.0018235528446652611145 -0.010482462882747926522 0.63050823514778364665 0.77610963016687373184
1724904735259525343 -7.2518198397030380065 41.048932256123755735 -1.0645529090621763668 -0.00070651361876823920525 -0.011690078636058746919 0.64492878195342340231 0.76415293567980435707
1724904735509253385 -7.4537056593349761968 41.70788842949994546 -1.0650693648514146794 -8.7423802959697531623e-05 -0.0119198086288964996 0.66163661272874685348 0.74972988683669250509
1724904735758523490 -7.7135686774609322214 42.360607745556073667 -1.0664457996400766859 -0.00052446867394566657437 -0.013123897308407572737 0.6818964561273411773 0.73133078109226423713
1724904736007528880 -8.0508510526850223243 43.002397559973289276 -1.0748612086609869998 4.5215281955825400181e-05 -0.013385130411124967695 0.70503915390793925333 0.70904204931458936212
1724904736255886957 -8.4750073829502241551 43.582766783352191453 -1.0874204736816426298 -0.00021163917014708862247 -0.012128016275982056796 0.72861080831497859744 0.6848205286326226604
1724904736505571001 -8.9580355738152004363 44.133339735043477958 -1.0938729060066871845 0.00060599555058046426434 -0.0095898230763742896288 0.75150367876023671521 0.65965891858792258251
1724904736755642562 -9.4664087500928246754 44.660356644079826083 -1.1073847091687660793 -0.0009827789908552887841 -0.0092778369941620836281 0.77345531693794922212 0.63378216177688473376
1724904737005909706 -10.012268947445821965 45.164422869483665579 -1.120533164886816202 -0.0020791303831812222094 -0.0093668977454900402557 0.79446259656234607949 0.6072372856691938825
1724904737255715147 -10.637873426735612981 45.561342210921729645 -1.132343551753836719 -0.00048407817876263477697 -0.0070232469751340554504 0.81451349931939664994 0.5801018868239562476
1724904737507022944 -11.288106009370503457 45.922597136010622876 -1.1339693891092283984 0.0013700504207344306289 -0.0070581700235391757123 0.83378098243869502859 0.55204852913609692155
1724904737756185022 -11.93044922812527453 46.24641653963384158 -1.1461387217007816819 -0.0016141109211333212921 -0.009427880016216191178 0.85139282440600783097 0.52444138688159891437
1724904738006440123 -12.620671714842579547 46.533350856570571352 -1.1577942815125026321 -0.0013350332860897014178 -0.0083617575280603012589 0.86757474905282616628 0.49723470665581337435
1724904738258335528 -13.344958567615025302 46.677925355488767423 -1.1768343568442116709 -0.0013082193123893240492 -0.0070640255354882742003 0.88318278404734973375 0.46897394177911078117
1724904738506701910 -14.04290531861917124 46.794204852710350906 -1.2060496948627965619 -0.0036268584714425886918 -0.008071927037396708568 0.89753782607230903068 0.44084865958843960643
1724904738756904123 -14.797706755133511081 46.900472891269437525 -1.2204534965640914113 -0.0022203224333314274322 -0.008159098151512484895 0.91086210481344120904 0.41262419378954673377
1724904739007543582 -15.579033573321691364 46.99525016391471155 -1.229184900369774347 -0.00083938929706449567913 -0.0090517254012063997487 0.92270423706584803192 0.38540141747741457623
1724904739258048995 -16.374293918014171112 46.973639357225877689 -1.230520248793683491 0.00080205882016175808567 -0.0086383145986412036843 0.93374535302674832593 0.35783285472898823665
1724904739507897033 -17.157971886493587732 46.93712237072386273 -1.2327981704010766428 0.003394560076103590035 -0.0079221644159654103223 0.94358797652162029745 0.331009738280749366
1724904739758454791 -17.947499930098619103 46.906153332050472216 -1.2453919500322092606 0.002562613820945844334 -0.010444130186888099868 0.95168497987281464034 0.30688768668606497547
1724904740009061143 -18.764938960195518547 46.845219300603297086 -1.2617905458125919793 0.0025370188938728496959 -0.0087046406708299571553 0.95846771377054662544 0.28505689682129303764
1724904740259280060 -19.560275610829222614 46.699355830917397725 -1.2609536960986860166 0.0042751293896054545773 -0.0081383058975627014381 0.96430988459815303315 0.26461658623774270138
1724904740509723890 -20.317429548694903474 46.52687580843345927 -1.2847650866294175742 0.0022785912458592808005 -0.0059547632942360539943 0.9696758922480853693 0.24431130307237794441
1724904740759992166 -21.097341205492043059 46.344597885097037704 -1.2911275808813098553 0.0025230484267315905593 -0.0079488351653984948286 0.97468707238107121782 0.22341790702485267439
1724904741010328700 -21.899969241822500265 46.123347949961946313 -1.2885164735953078541 0.0030988368661680571955 -0.0072120998359568285266 0.97933211293886301974 0.20210639621925696741
1724904741260824543 -22.657431406432614551 45.857533730520010806 -1.2913303892039094123 0.0019513653148308448149 -0.0053741993217536528776 0.98327658687561647621 0.18202874459078313696
1724904741511169773 -23.415236469315512835 45.584617130461396073 -1.2761822298205143245 0.0027443282417190760503 -0.0045398775511015353884 0.98678982483012689375 0.16191880615311560199
1724904741759828638 -24.17926659825218394 45.287790493985639273 -1.2858960729804040923 0.00019572349071293509894 -0.0062614842668651934585 0.99002517876051521206 0.14075120222328837971
1724904742009823004 -24.985503677286295954 44.926324102078055489 -1.2667461110986524275 0.0019656524022125762031 -0.0010296512531215915292 0.99273601445810555344 0.12029248366696380923
1724904742260284036 -25.726506007192114112 44.56076754468725909 -1.258719210530322874 0.00020188507903413585327 -0.0011849344381827046479 0.99498053300454813996 0.10006145169233328363
1724904742509852722 -26.471463785030572069 44.176145031851007161 -1.2352914919807012062 0.0015049211443637271288 -0.0017384451515302747938 0.99675654488594644942 0.080443167813272778432
1724904742760172910 -27.219274560205068525 43.750349375280748632 -1.2256118465441963039 0.00036743667987550616407 -0.0017937354431106949156 0.99814666616404879029 0.060826641605809611546
1724904743009663132 -27.98312061827026298 43.270758463816413553 -1.2110774878482746253 0.00093588044244110354768 0.00062547015849495049469 0.99916096732747705644 0.040940130484629952412
1724904743260028329 -28.69020323281834095 42.801260196823022852 -1.1845162453284336923 0.00092733438945736569852 -0.0025433969889915846591 0.99976855290513944041 0.021342722521974971661
1724904743510047575 -29.389738576581571294 42.291833899099692928 -1.168197047287417023 0.00057733464673608079869 -0.0032756090004186816551 0.99999308705065181879 0.0016622037448305870821
1724904743760173757 -30.110413590432862918 41.716215077200736516 -1.1295550445745679013 0.0034188058081140661366 0.00059599422982576082553 0.99983632346372475208 -0.017756205683264410927
1724904744010099387 -30.822869028684930726 41.134521638677874478 -1.114842932868127745 0.0032952698552881419351 -0.0013289960649561062891 0.99931472515655750399 -0.036843656866737344024
1724904744261193632 -31.488350849456203662 40.53263059853728123 -1.0878863774155671518 0.0045437187849602213643 -0.0014786229747254767304 0.9984807037519747297 -0.054894922612779423199
1724904744511416390 -32.12973099296858237 39.914882454248363786 -1.0886295393398046638 0.0023328995725219029735 -0.0019785055524743806743 0.99742303209093496896 -0.071679412315455812155
1724904744761283590 -32.78564171400789462 39.251807872470195093 -1.0761411457261573776 0.0028389695757261509956 -0.00023411555050629594826 0.99613782130415451377 -0.087757201465574835586
1724904745011520161 -33.44891719641946537 38.573523348592260618 -1.0577265531208159821 0.0037739557377873770433 -0.00054563132890474478308 0.99477282568481417702 -0.10204158379598096684
1724904745262068518 -34.065566847320390309 37.900158791826179083 -1.0355189774774431477 0.0048419150755868020294 -0.00032124645340023155098 0.99338311790520950062 -0.11474508146339645887
1724904745512610867 -34.669589107175781351 37.215909400696553178 -1.0258600388780991786 0.0039988470938584355988 0.00084945254159356708371 0.99203738396458396309 -0.12587738664670417021
1724904745762641057 -35.28034876213386184 36.518039903554701198 -1.0254568170754763123 0.0021784408016887772327 0.00039660251541896583043 0.99070732845953457524 -0.13599296466615554135
1724904746012865935 -35.903928485744749821 35.804397899357425672 -1.014593863193044232 0.0018691512506034363254 0.0011057277353017441138 0.98967813399830484311 -0.14329157241586490401
1724904746263715396 -36.516026873266838493 35.10385007776417865 -0.98506549992424718987 0.0032313613477508843809 0.0015364691305105517439 0.98879207157145465601 -0.14925627880890862675
1724904746512988132 -37.119441287005116692 34.404418119422665256 -0.96415830744945663078 0.0032713557270964608269 0.0019219740632770876843 0.98799660380083176303 -0.15442899703562515401
1724904746762956012 -37.731292220944204985 33.689185980935796749 -0.94676139578589924017 0.0032458711993209065673 0.00096851395275641483443 0.98711484201022114959 -0.1599775452493779615
1724904747013129275 -38.35205785560048497 32.956497672829073053 -0.92671135396335879708 0.0041417890759576202891 0.00070444283973032076254 0.98632838411880752183 -0.16473818022886460577
1724904747264380208 -38.97413074108168729 32.217226855597999702 -0.90987262026264303927 0.0040688637667898267664 0.001476637926569909819 0.98556115933657062467 -0.16926448267500224243
1724904747514197797 -39.592127283970036444 31.487817491505690981 -0.90608129679695759151 0.0027729508304599414202 0.00013935933339004897137 0.98480755317335566534 -0.17362711347994075339
1724904747764369572 -40.213555471992606272 30.725167881943281856 -0.89849526670103874171 0.001647904335081358659 0.0008639548626979924725 0.98399854202676617643 -0.17816679624019729489
1724904748014143621 -40.830976024318033524 29.953129164894917835 -0.87312362589946990177 0.0032093569439425317924 0.0018128239570192935387 0.98316712468303291139 -0.1826713404992835188
1724904748263307441 -41.425472828368228306 29.186697218781148422 -0.86985543980512058937 0.0011128893484860106003 0.0028770512819532561427 0.98241936177832889232 -0.18666194485293458039
1724904748513115767 -42.022153025285156502 28.428107785572731103 -0.85671608332942439379 0.0022548807280459641326 0.00084944713448142027644 0.98162577326642075359 -0.19080103566692030448
1724904748763249379 -42.601064190049186209 27.645768954097874825 -0.84800385935685984595 0.0018551652461342631271 0.0011646945081709109224 0.98093997812516720014 -0.19429863912135061921
1724904749013076195 -43.170539988868149806 26.854889112841625831 -0.83373641199851222794 0.0023665675174974944855 0.0021130886309296951532 0.98031534137203168999 -0.19741267863351569245
1724904749264156786 -43.762472053367986291 26.095517734650577779 -0.8364226929220680562 0.0021171323062359787177 -0.0018146996303488578759 0.97958857581802172287 -0.20099364851375042806
1724904749513925901 -44.337700576657113061 25.300738161388380831 -0.80857249288260901743 0.0038297204709608419389 0.002702443803539615174 0.97897291096445859804 -0.20393643528407931487
1724904749764083227 -44.903719425381076746 24.524059922311597148 -0.80872001758842892993 0.003727804559361083854 0.00050476026604400706793 0.97830677479100336402 -0.20712726302509343324
1724904750013978734 -45.438666296394004007 23.733688103683725501 -0.81014188359597671951 0.0021207755245699812935 0.0012674003482326906371 0.97762755884468155454 -0.21032891431023065243
1724904750264147626 -45.988634053958655556 22.959499503034063395 -0.81362967205636971268 0.00073349068816352079592 0.0023875037569645422841 0.97689769557948880063 -0.21369289690746745558
1724904750513880944 -46.516742281901464651 22.194432669087799326 -0.82885786625238111469 -0.00092175553973115236309 0.00067819427117244552011 0.97575901943112230974 -0.2188447541479355829
1724904750764162984 -47.027196833810172905 21.393779325083801979 -0.82024159328886059317 -0.00013876975847821685088 0.0015893399625149381375 0.97424978542974782769 -0.22546576310279983768
1724904751013761034 -47.511946926342247366 20.581499445572486451 -0.80968177475150981959 0.0016023098116876807219 0.00019364688131403572937 0.97206873111968217227 -0.23469081167255823051
1724904751263193492 -47.990127393953670776 19.763052452768988587 -0.80128181307428958391 0.0024641790441973397338 -0.00064656803380078490488 0.96913546889715584953 -0.24651562363652618215
1724904751512933468 -48.439815283049611594 18.924883386122996143 -0.791879537905238573 0.0033416858251834003976 -0.0015603060704761401341 0.96545529873038793411 -0.26054263515637809956
1724904751762558826 -48.86159967042671326 18.04334968996921873 -0.7861263247081203831 0.0040559018123423095162 -0.0025004868098904239372 0.96099367499671328741 -0.27652930015192450641
1724904752012293509 -49.241132221768161514 17.129409664901160681 -0.78141157730510835133 0.0038818906704017482577 -0.0023018922394140374672 0.95575751172059708605 -0.29412108222056043694
1724904752261737272 -49.576566113110381195 16.205564611569947431 -0.77276065750503264429 0.00456788473070718435 -0.0022019127994681794713 0.94982493100419096432 -0.31274092545107384788
1724904752511658154 -49.868596883680261556 15.272729898588821129 -0.77539441460515223792 0.0027250790399865271532 -0.0024993764921242603814 0.94356738839685394549 -0.33115994717857566432
1724904752761166707 -50.134141225614982318 14.306751417896309775 -0.7618499342201722202 0.0031035569083822452281 -0.00083492578307223133238 0.93724253145311509083 -0.34866331620749846376
1724904753011856079 -50.375420700206198887 13.330461324709169446 -0.75965385645259586589 0.0032386403032938120353 -0.0021873916973773458762 0.93079054567998020797 -0.36553205960532775265
1724904753261793619 -50.545544000274951202 12.384069577931096973 -0.74552457930818927245 0.0026122954500872232891 -0.0025646469495546491725 0.92415205186830540196 -0.38200730821033607176
1724904753512252856 -50.682614243718710156 11.429245049527477107 -0.74549745265254752091 0.0014214259193836653681 -0.0019761710366629410031 0.91782742977547326912 -0.39697214442343253804
1724904753762452076 -50.80683876527099585 10.459774475943374838 -0.73848741562667497007 0.0017024673486610915774 -0.0028082065291376535551 0.91140449107809107243 -0.41149856527538725137
1724904754012599685 -50.915488414691189689 9.4849451942524947157 -0.72545439739543027269 0.0012994785647704573586 -0.0034526257353840236058 0.90596702671672546536 -0.42333218308208875325
1724904754263244467 -50.978417545021372348 8.5594312018599936209 -0.71718240053514592525 -0.00072279888158966159716 -0.0046979534937359119021 0.90095451291711647901 -0.43388751128492836218
1724904754513551891 -51.02923568702374979 7.6270693559410789319 -0.70231039225612823529 -0.0023041662357003414759 -0.0031835021767092418037 0.89642011074288374672 -0.44318792987576355324
1724904754763787269 -51.086545162977252232 6.6740690081829816549 -0.67370756549541266356 -0.0011656320049988034507 -0.0037001416203206621315 0.89179983512441451943 -0.45241353243032578213
1724904755013755027 -51.138818772236646737 5.6953034290892574631 -0.6347233867738025781 0.0016431283903922673344 -0.0032419497179328130715 0.88729323771831059009 -0.46119139214698751106
1724904755264315017 -51.144049585688634352 4.7364354533582444517 -0.60359502305011747403 0.0014829947554497631412 -0.0014943134088204930183 0.88327807023011950527 -0.46884477005139701955
1724904755514659593 -51.166855742260032969 3.7902282124147377296 -0.57833940005085127112 0.0018106386547448211251 -0.001593604765123332297 0.88036136603786374621 -0.47429742482904235779
1724904755764952811 -51.187040454163813763 2.8209407287907222184 -0.55837352171849519156 0.0015377829478830970077 -0.0011328798330412783672 0.8777030681194808448 -0.47920108098849201195
1724904756015104563 -51.212126156981049974 1.8432241259683812551 -0.533945603103620825 0.0016306959864513137937 -0.0026742237306721376895 0.87510855327443959339 -0.48391653138114104626
1724904756265246977 -51.204348189639880218 0.83217107817888458232 -0.51752037775627246496 0.00089890536319457139611 -0.0018056785238163583582 0.87249258514276573084 -0.48862318852579056383
1724904756515492389 -51.204043902378138853 -0.18487732835786019336 -0.49715616353461805632 0.0018382223472809739763 -0.0018111785142985686696 0.87007568936479617872 -0.49291138691185248932
1724904756764181838 -51.209025236738739295 -1.2050387605271446478 -0.47101360193696995005 0.0039471400302932765913 -0.0042115052462020335228 0.86757883343407415921 -0.49726617729975697291
1724904757014529246 -51.176541709192520102 -2.2403123532790463202 -0.44998908520890201768 -0.00323214101710050071 0.0017460721945978371818 -0.86554121802138905828 0.50082422505544532676
1724904757265972209 -51.150818657424018454 -3.2543794133935786128 -0.43933386952578923346 -0.006126794227531789927 0.0070317337363018190752 -0.86429280723895718364 0.50290253575435228672
1724904757515060805 -51.072928065313440982 -4.2631755639340225272 -0.41755980774634182673 -0.0051370513574152832509 0.0030241674220155556618 -0.86385832868908618565 0.50369956627860368314
1724904757765365582 -51.002387263766813419 -5.2312624429550789174 -0.41970051019614063037 -0.0039810087994771436309 0.0067215584458478958019 -0.8633934929485174159 0.50447066173877319617
1724904758014880644 -50.91601526787262344 -6.1864139057484557327 -0.40990520858715556729 -0.0037972715870801237309 0.0083979414042866778328 -0.86306500989379542066 0.50500875636535957902
1724904758265527270 -50.842346001735236882 -7.15805264050401302 -0.39302188933640952451 -0.0050457453486498328801 0.0073364330557620397941 -0.86310417119534821317 0.50494742980738693827
1724904758515353932 -50.753227316413145331 -8.1080493269402644785 -0.36830256986620113491 -0.0057599444750588675926 0.0047241369153107806017 -0.86314576842574575188 0.50489987920257861642
1724904758765255174 -50.657751463805844594 -9.0329093055817200053 -0.35402267363165701441 -0.0072291336798678586251 0.0047888001776153011138 -0.86313462253085593279 0.50489942603216952932
1724904759015316242 -50.53456922382321892 -9.9301393217967071081 -0.35278836361056920001 -0.0062029594805209547007 0.0040680658871891260328 -0.86324866503074770829 0.50472439653364542522
1724904759267513430 -50.462851074442447441 -10.830278215432327826 -0.34529708355154881128 -0.0066206054485942952836 0.0035630822962135350052 -0.86328500776755401347 0.50466074484926914945
1724904759516355392 -50.375428970535807593 -11.691083312121341109 -0.35751108632697681244 -0.0042749521357483720105 0.003804405514619062928 -0.86328317802278875526 0.50468743379025360341
1724904759766163304 -50.288063407567740626 -12.540527386886592964 -0.35926901715236814194 -0.0033158621073057469031 0.0054030213554447292443 -0.86337403704218573797 0.50452461246226287805
1724904760015968713 -50.191235242933942118 -13.380798960929269015 -0.36149945933646077112 -0.0028876209404950156645 0.0063071757833115258199 -0.863313489933694167 0.50462035162827900692
1724904760265952852 -50.146836519692982392 -14.238244932371431517 -0.35477823110475198432 -0.0031964649235013331205 0.0055819187758815664094 -0.8626596682111281611 0.50574392891723252141
1724904760515673065 -50.091556622611150829 -15.077611059434934404 -0.33927594574134578576 -0.0047664974395827995959 0.0059795711057811472278 -0.86033133168754272191 0.50967786389864833119
1724904760765295828 -49.983946939017165789 -15.914703784762183503 -0.33785687301587635778 -0.004680789383000519624 0.006215394468506807088 -0.85594500791470518042 0.51700831957353288182
1724904761014702096 -49.829653303054747937 -16.744575984461640417 -0.33501230275230065025 -0.0042811499549000181508 0.0052838801324274313476 -0.85021967675651621832 0.52638413124053717862
1724904761264036932 -49.681855677328314869 -17.578232579000786728 -0.3319597367367823626 -0.0045441924284157012015 0.0049067013351829068951 -0.84258579916621623163 0.5385206083713135472
1724904761512391712 -49.512570474292473932 -18.403358282097748599 -0.32140761275133111763 -0.0084324263414325955485 0.0055473361153087069608 -0.83317820571246248296 0.55291246936000804091
1724904761762100341 -49.238858824458418439 -19.23059224321927374 -0.31787642170929075736 -0.0063008802815957328652 0.0030870944918848356765 -0.82047325106411539419 0.57164185732288386177
1724904762010993775 -48.892122990246768666 -20.045906144361723022 -0.32159115067943683242 -0.0056058177182461421673 0.0030581902528206699084 -0.80357840041386707775 0.59516466349101926347
1724904762259568675 -48.476179730495779552 -20.809261743959080349 -0.33599900628819084902 -0.004499498801287787203 0.0042639253009123219765 -0.78265047172943780218 0.62243056845985156311
1724904762508755461 -48.001441652462055742 -21.54447903952271659 -0.34029354392154337328 -0.0024762516020179810988 0.0030829563562046673024 -0.76076654369536700351 0.64901358194718428152
1724904762758272041 -47.470024904460615289 -22.273879071668666541 -0.32306777991504703751 -0.0030172731841382268055 0.0013155403998963109691 -0.73701410681295054239 0.67586934519528052423
1724904763008540823 -46.871340802870065545 -22.995259730940450282 -0.30903235218600016987 -0.0039441918191739132674 -0.0013952672797862299397 -0.71142518768947660135 0.7027493855572585213
1724904763258057767 -46.204176023854095945 -23.581794033617207162 -0.30635509158811247143 -0.0037366953366102023323 -0.0012489450658182117779 -0.68300033536343451868 0.73040743365440885526
1724904763507418710 -45.481559109091939774 -24.130770373885326308 -0.2853824800610638146 -0.0066976846827172496768 -0.00118073610919169447 -0.65114430186067906448 0.75892347772123935901
1724904763757372269 -44.684568450648839644 -24.649207958276988961 -0.26688847074514754354 -0.0070784689748806068829 -0.0026605958433810173412 -0.61807744714572265821 0.78608083925036387196
1724904764007224388 -43.828230889601137221 -25.136999211864857529 -0.26640726362052563614 -0.006617651701967964227 -0.0031320328546211233071 -0.5836898275123296731 0.8119437063705685631
1724904764257986149 -42.932470377571988251 -25.447248782323821814 -0.25964544937502009869 -0.0076104125762459168617 -0.0027050226852025124197 -0.5492462974964202882 0.83562148677446390632
1724904764508798661 -42.003126146128856533 -25.700859414074283649 -0.25863217543916683372 -0.0083695638295953923846 -0.0024042020807842519325 -0.51386265789271179383 0.85782826896593655785
1724904764758260361 -41.023019210783196797 -25.928119912723708751 -0.24707273040851676638 -0.0077864330809038380388 -0.0047019648877741600582 -0.48050703633349267641 0.87694369888840328908
1724904765008760486 -40.024500219610253282 -26.136877864675852834 -0.2471595668667977419 -0.0085223992840286633826 -0.0041433266918605169207 -0.44919592642124406279 0.89338302045703121834
1724904765259775144 -39.018772846385644471 -26.126755109144610856 -0.2329151105965514279 -0.0078012394373019062349 -0.0050558220736879825458 -0.42028579198829879582 0.90734416423933073048
1724904765511801032 -38.043401770067013956 -26.091276994792650612 -0.23006087912765438297 -0.0079074719979138202719 -0.0046031583978725408926 -0.39611664879778235582 0.91815460754961097933
1724904765762661215 -37.053053730669923027 -26.056855356142996527 -0.22461885146654819723 -0.0073355171787426471514 -0.0054574862292792588811 -0.37658686157842674591 0.92633619259871735618
1724904766013779413 -36.054094403358519116 -26.030064454647035888 -0.20447508124524593764 -0.0068519090026144709171 -0.0075220755499287523041 -0.36155150300219274229 0.93229661610417557949
1724904766264949966 -35.093063415626353674 -25.875681791159152567 -0.21174599442045241582 -0.0089774906799390576106 -0.0085746267537925736218 -0.34861972304591154481 0.93718203628778395942
1724904766515011063 -34.161510757836182961 -25.702980512432350935 -0.23467015627430776181 -0.0084363736365129227135 -0.0087891246978533815737 -0.33613513593279903402 0.94173496764129416281
1724904766765754194 -33.21089545488814565 -25.535072961769980537 -0.25636302373877145611 -0.0077986770010275829196 -0.0095264346964689106123 -0.32629454862803120019 0.9451879681918493592
1724904767016599250 -32.270226403318083896 -25.379582610358880856 -0.29105496969011934727 -0.008941677225539819765 -0.00791037833642496864 -0.31826165685598356569 0.94792773463922508359
1724904767270205314 -31.31081885744013249 -25.16994292122289778 -0.30432933581204935081 -0.0091098418084935885164 -0.0071757128419694489116 -0.31157692795720359769 0.9501501659696667268
1724904767516718616 -30.392983985427431293 -24.96217223301006527 -0.32225242417946892148 -0.0056953475703335138328 -0.0068634968909971148104 -0.30595483922421501388 0.95200424987589504777
1724904767767070904 -29.465231759827691604 -24.774489773115977442 -0.33353192670730996694 -0.0071954128064349353114 -0.0055027229656314539594 -0.30091418182245671664 0.9536082011248799839
1724904768016536610 -28.531929541160625519 -24.578797709205119304 -0.34604777509623607656 -0.0059668494135146641147 -0.0052213742254715806226 -0.29689217619356922384 0.9548780915249445167
1724904768267200830 -27.565431970597018108 -24.386327742605271141 -0.33350711224900159158 -0.0050549295861902461893 -0.0075074615022570788045 -0.29468469185309775771 0.95555168258766387535
1724904768518134917 -26.634160717328445145 -24.218346931032964875 -0.33488352462080728245 -0.0083185954754168341813 -0.006400447990542348746 -0.2923078545272190798 0.95626667484365002192
1724904768768170593 -25.695670287761405604 -24.018517971230142649 -0.34203902734097796356 -0.0064548308367675544944 -0.0056601306219548940327 -0.29007652843205594673 0.95696494488200434247
1724904769017973410 -24.791451920618960969 -23.818631629584082532 -0.34889231219317640154 -0.0070112217886645761267 -0.0040645632797540118264 -0.28809744403935544366 0.95756680437051788779
1724904769267843812 -23.837420680873410817 -23.646111897729245044 -0.34888082246369056527 -0.0079705706457404833926 -0.0054176074715144677263 -0.28691783177449498021 0.95790671640963476197
1724904769517739926 -22.900051386135974241 -23.463875863962368129 -0.34789403065621948841 -0.0073469132291503081583 -0.0055378373288847496103 -0.28561336120174696251 0.95830076861430224522
1724904769768116529 -21.964405775501944618 -23.28392201907816883 -0.35394769072848814018 -0.0088518230538732374513 -0.0055899045674242938894 -0.28452843148123663219 0.95861043697342318559
1724904770017574794 -21.039942574986454815 -23.094677193066999621 -0.36161967376326142887 -0.010722566766155636545 -0.0062679135600762639693 -0.28266494182000728719 0.95913829580902520977
1724904770267001688 -20.069332086345006871 -22.949226883256489629 -0.35640404926718693979 -0.01259432076039044418 -0.0064601790401695004598 -0.28026133396542995957 0.95981937564068320334
1724904770516291464 -19.103845709760889804 -22.771991781092889795 -0.38446160263139478319 -0.010134025833584725182 -0.0037261938029358398182 -0.2767127800610528765 0.96089200972379340548
1724904770766152918 -18.118721388297018393 -22.584182079177747227 -0.39493650758003517875 -0.012815390095010394805 -0.0021534115709815979806 -0.26979218302419466502 0.96283088160608887307
1724904771015637137 -17.109386528289228124 -22.346719256731937264 -0.39294284888715319548 -0.013169653632475004576 -0.00338521429187147848 -0.25862836010836537382 0.96588118932664590588
1724904771265229975 -16.02687202739128125 -22.075935374443506731 -0.37736104577576090602 -0.0048600433935440208108 -0.0085701903405135931163 -0.24734922244017806814 0.96887630478507413834
1724904771515588160 -14.996451875843645141 -21.833186133435368959 -0.37577428619803365795 -0.009813872541540728453 -0.0072131716263065265987 -0.23564004981384595316 0.97176407887128457563
1724904771765568864 -13.947907132157734367 -21.52778875265052605 -0.37717502769304162014 -0.0086022839343546687874 -0.0088951200184974911489 -0.22495705901543858185 0.97429010009857630603
1724904772015318603 -12.923107942985167185 -21.182299870175796741 -0.38152344031294777027 -0.0058245834299607800177 -0.0083638021272926712374 -0.2144500848170840801 0.976681771184344516
1724904772266107234 -11.925328542654725084 -20.85117312062790873 -0.40764454919291992496 -0.0069752571681953251873 -0.0053607808606506513263 -0.20352977589231766031 0.97902923252639639795
1724904772515830358 -10.949593707644771357 -20.510061147261392733 -0.42413359530575384104 -0.0099130985368782210954 -0.0035856280145584473219 -0.19330525719112565119 0.98108203086765977119
1724904772766085809 -9.9525396574743520972 -20.111283122303252213 -0.41183481404696364869 -0.0076095478085686403535 -0.0064256221009860786317 -0.18365366643242922451 0.98294055617249342927
1724904773015534476 -8.9940610678165935354 -19.715061267331687844 -0.41161801168546474639 -0.0099678642985332431559 -0.0070515056388770602086 -0.17527541890158665483 0.98444372387578571448
1724904773266077417 -8.0541138577551656397 -19.342108644569176334 -0.40715662314518208387 -0.012266505940671426633 -0.010582389076261222369 -0.16640482613953780366 0.98592442900605536948
1724904773515709763 -7.1462911867474376848 -18.944450732838006957 -0.41542965795795716577 -0.012438628616392895243 -0.011854663990276266897 -0.15801625981765501927 0.9872869942894318962
1724904773766481518 -6.2333332189043826332 -18.51872808535668824 -0.42084529564202888263 -0.011603532611772122279 -0.014275962435607135112 -0.15050721391824425921 0.98843772362553672384
1724904774016359980 -5.3636673092278233099 -18.096525792413416411 -0.46191814956038029782 -0.012678799179519409032 -0.011630525535420278491 -0.14499716460333234025 0.98928246784431062011
1724904774267627307 -4.5000440259063267945 -17.685959588382530683 -0.4727490716257148895 -0.0092049988629894791831 -0.014040165311770103074 -0.14054643902460273175 0.98993173513705190469
1724904774517950344 -3.6720165001035764973 -17.292811901029025989 -0.49945186475435499052 -0.0099930558241086223092 -0.014022065664459262141 -0.13584378484631975947 0.99058063105858518149
1724904774767727233 -2.8488105738631288588 -16.880757461537051256 -0.51294255652462250605 -0.010034146787956766539 -0.01434240441092383099 -0.1312565771859746655 0.9911938873295041974
1724904775017975597 -2.0327965241087784243 -16.434553274647949905 -0.53943594875267697475 -0.0058999950326055821889 -0.014863300706075489171 -0.12717527285131666193 0.991751340975109974
1724904775268212280 -1.2369976061863325878 -16.049316348999834503 -0.57202876956340653614 -0.0088765104425342893774 -0.013527816887982891877 -0.12088943700240727119 0.99253410508347239549
1724904775517739103 -0.45411308215342832684 -15.63113191550664105 -0.59050153068052357863 -0.008945204642004907572 -0.013113678790666334628 -0.11230077700459732692 0.99354745746071515544
1724904775767506819 0.32250593723251796963 -15.182707714983569858 -0.61689979634368052874 -0.0083899244623547516997 -0.01178724849285654741 -0.10359202351572571743 0.99451463669691708702
1724904776017336245 1.0696804695152872799 -14.708527316537065133 -0.65656701940080752777 -0.008619310681123886278 -0.0076834928874935171442 -0.093421028196668587373 0.99555973347213433389
1724904776266676928 1.8193510678838926697 -14.21302295135429361 -0.67426313473020371703 -0.0078772671778343482385 -0.0086081598057638937516 -0.078293630745085260325 0.99686205446456810364
1724904776514751330 2.5292328042550904499 -13.66743006297381946 -0.68001233296730134725 -0.0078226360764135638437 -0.011201351220862123745 -0.05863006653320198408 0.99818628090850614054
1724904776764348634 3.191901586041360428 -13.051093568643363341 -0.68117240012065671806 -0.0099095630246660657697 -0.013181891844472692563 -0.034246450680331864957 0.99927734833921866286
1724904777013991016 3.7908620901839995554 -12.35196214100037615 -0.69061679124806796271 -0.0077672132267330102132 -0.014856562819489599683 -0.0074128921297979856464 0.99983198687087071477
1724904777262748678 4.2914177105533752865 -11.62896550625822556 -0.7153200333287665913 -0.0050698790849239699918 -0.015069398395647819536 0.021432850419906827877 0.99964385782184195239
1724904777512233828 4.7420646759675539883 -10.884126677685097562 -0.7503355545277677896 -0.0098149119370870355206 -0.014523569728774970988 0.054838398748495435775 0.99834136619129520973
1724904777761743883 5.1818395503777763267 -10.046858957012871016 -0.75328363466042225216 -0.0079455395407388943602 -0.01823045150379987156 0.08942066697877328052 0.99579539231533176213
1724904778011516756 5.5815062842783698116 -9.1613255665756145874 -0.773494905447475678 -0.0052632766217814630147 -0.019626343195580365358 0.12356622989608906371 0.99212826358351413614
1724904778261320125 5.8700053468058195349 -8.3071005652575333755 -0.79076452355869775168 -0.0079780583056467350295 -0.021442309525557257111 0.15971133726347855331 0.98689861014057222999
1724904778510820491 6.0895749992927319383 -7.4053846796357047921 -0.8125340791124836537 -0.0089452488599247627354 -0.021794603508973962869 0.1983324246885462272 0.97985163524784846256
1724904778760863116 6.2521050903809536337 -6.4448714390551931075 -0.83996066799878488229 -0.0076834162776363247246 -0.019885963877413904977 0.23716432175757298784 0.97123560377502704544
1724904779010637707 6.3859017920479770325 -5.4415577523389968562 -0.87385106900045150802 -0.0091451316835194137317 -0.019078171787249152691 0.2772224485234850988 0.9605727999284546792
1724904779260691725 6.3426945478306926418 -4.4682361360853848353 -0.90872015695004293434 -0.0091427937772509005471 -0.018498137500886694534 0.31799098849294860081 0.94786916790674347055
1724904779511670842 6.2343834679360057294 -3.4718200038505067084 -0.94351709910110093116 -0.0068045698924874640362 -0.016815501346752310952 0.35770078097019508689 0.93366004950214531721
1724904779761811699 6.1018042054597767532 -2.4416087295494577347 -0.96769363846457612244 -0.0057330752037300838214 -0.017310684876988308156 0.39419438902470771424 0.91884615453253937201
1724904780011579987 5.953929007243042193 -1.3972943510873399031 -1.0063826880478456971 -0.0072970044880546593505 -0.017295435918332723729 0.42651552419843741237 0.9042854246528737594
1724904780262517806 5.6372907699372900581 -0.4565009067843024404 -1.0639156734697272633 -0.0028067301718668964845 -0.016339470306075621481 0.45457456308457078187 0.89055438383757934417
1724904780513405868 5.3356882303053021488 0.44022014915466811669 -1.1262305373262717634 -0.0041819372518969270824 -0.018502789574683816548 0.47761200753267335495 0.87836605606056150641
1724904780764265240 5.0081139771499598723 1.363578462975876926 -1.2042413952418007383 -0.00484017417104108498 -0.017557110640379295502 0.49755424187399682756 0.8672416600770210815
1724904781015286195 4.682582141363520023 2.3040910628681321448 -1.2823099120796292993 -0.0051641184017380686866 -0.016948387496438708372 0.51335224905252541117 0.85799507716251921519
1724904781266206659 4.2503307307135145265 3.1847136536533025009 -1.353824842581066612 -0.0025829943357982441607 -0.015249823238440145257 0.52609881249059797792 0.8502827826831730329
1724904781517872425 3.8421536038045700501 4.0338928426244846648 -1.4310878009545087153 -0.0043529591164074496468 -0.014420649091611162027 0.53599764883665057535 0.84408507691363077186
1724904781768672277 3.4379970609381924618 4.9022914393539975819 -1.5026833210168706323 -0.0067943422346047445751 -0.014343640465770187559 0.54407613501236484765 0.83888572296934160732
1724904782019082008 3.0252036771808121784 5.7976183360512658638 -1.5700796883476195731 -0.0042390743934244108984 -0.014338602688920971256 0.55036222329983053303 0.83479210458992958444
1724904782269635731 2.4566123399504435909 6.5211080716335194651 -1.6493193448550447222 -0.0026288154529098706896 -0.015295568100148664373 0.55609727605378334037 0.83097229465931665704
1724904782518653692 1.9037292636418605696 7.1982470238495972481 -1.7379380607045593621 -0.00346284497362424077 -0.016802168167168281959 0.56160293229552882277 0.82722901441295837444
1724904782769039054 1.3238839794299690489 7.8855186777168668755 -1.8568764973734450674 -0.0048201259805930535621 -0.014372907014459356326 0.56700888673299620901 0.82357216338053418347
1724904783019593945 0.75150213811615862447 8.573242704899600497 -1.9655993084165854778 -0.0056511596968430348811 -0.012090431299142917476 0.57070487446826867473 0.82104679045913042668
1724904783270049878 0.24036543757744763261 9.3348276072116380675 -2.094626453921115683 -0.0052646668839994694225 -0.012045799032779616958 0.57233051501087717217 0.81991765659464055371
1724904783519701735 -0.23891781478068421785 10.085125610471765256 -2.2136449777525069038 -0.0043672112551319131751 -0.013263653605474032271 0.57283277799943754793 0.81955329991912895249
1724904783770276350 -0.72537823441788995549 10.840175214203394916 -2.3388997929891943706 -0.0028956987886687140382 -0.013682642568580496989 0.5724956323868175545 0.81978847949875677248
1724904784019964992 -1.1940040427906157827 11.566402353834165595 -2.4768171734459931699 -0.0049621899694265109507 -0.012982630408723818891 0.57168175177289182187 0.82035772847475252334
1724904784270834974 -1.682165250570794468 12.338548639763805781 -2.5648503221186071954 -0.0047961080995508331704 -0.012600343719131336037 0.56901701608460686366 0.8222152176233591403
1724904784520476235 -2.1539128758097532135 13.098354033864129775 -2.6379926692035304825 -0.0036256344753810938394 -0.012094216345338889076 0.56593384002087299134 0.82435397337847071686
1724904784770572949 -2.6032283697067626349 13.851545857938960538 -2.713703519536378117 -0.0057003848027876247509 -0.014016465971938753959 0.5629911166291653446 0.82632441988083804585
1724904785020912497 -3.0545349128789176518 14.602602305120173654 -2.7910548144822424632 -0.0033071241410336182052 -0.013287786404725726239 0.55791095167261250953 0.82978784497372448659
1724904785271191756 -3.4670363818862197647 15.420787148420604495 -2.7988989340030427933 -0.0035667401329941366382 -0.015390911102089148074 0.55121099321194799714 0.83421630239558908215
1724904785522399482 -3.8609488695253881829 16.227978820975621943 -2.8115519986016908049 -0.0046491328174882154065 -0.015727047169740472621 0.54425866354973928551 0.83875714763119491035
1724904785772474067 -4.2583140033103008548 17.041448863456828633 -2.8200297122830533247 -0.0009595730806845327544 -0.014306575607700142139 0.53624671895698083901 0.84393948688383857437
1724904786022571043 -4.6185102396816581916 17.810776231611981757 -2.8481215107353095028 -0.0038403540357766726733 -0.012876117544753408473 0.52862577157637369307 0.84874863823345081393
1724904786272728557 -4.9577608546465059547 18.647318352938796693 -2.8485186145609935338 -0.003068550868469445414 -0.0095260702753220578842 0.51866335513410311009 0.8549199740453561347
1724904786521727741 -5.2717001071245741528 19.459791144385633288 -2.8366455569270034864 -0.0019158525530867792901 -0.0070437990998775765888 0.50827927006108408747 0.86116136584812441601
1724904786772484368 -5.5552615731216929973 20.245448277310650553 -2.8155636734373015173 -0.004290553166475342961 -0.007292142842579101697 0.49782386876852302571 0.86723688314706126601
1724904787021921464 -5.8351598376006013069 21.022254491975736812 -2.7748072692073177947 0.00038646247764195627459 -0.0087285025883946654179 0.48703860452111125134 0.87333674009252959536
1724904787271972062 -6.0327047061283902707 21.876936222762818574 -2.7319487582823223093 -0.00099552813290794796644 -0.010644720232273649843 0.47623759999000886411 0.87925164043672354719
1724904787522464748 -6.2212647543167287623 22.699229666149033591 -2.7124867839555002469 -0.0026019912903841092323 -0.0095275394511267971764 0.4650781577172800052 0.88521452927956012502
1724904787771578473 -6.4182046383902591202 23.516153609884426601 -2.6834384057290887604 0.00099493201396348013299 -0.0080505487687011351161 0.45429615843995430069 0.89081378480662842811
1724904788021586761 -6.5883718901015315694 24.266167481278269946 -2.6547049361976626791 -0.002809364252382495937 -0.0081214947754091274673 0.44411554151876619922 0.89592830883760088412
1724904788271423626 -6.6820986183177977225 25.165395263956543914 -2.6185323649548712943 -0.0026879657861425096561 -0.0068681571477754990371 0.43533637620949167113 0.90023765906904473777
1724904788521287986 -6.7782482792148250894 26.048385647313399005 -2.5637027821943139116 -0.002279932810967910152 -0.0065944685550575069324 0.42917115745740769261 0.90319623144559402217
1724904788770715752 -6.8677695001134564379 26.887251957502101618 -2.5135330929200057071 -0.0063575190770187297792 -0.0079687356508822658474 0.42356159418570854536 0.9058099453716395022
1724904789020155652 -6.9908062608330130416 27.724743735121283095 -2.4593849403348175819 -0.0041373948812301920841 -0.008397343733196798235 0.41891327245648252164 0.90797799353377728337
1724904789270153922 -7.0080741813625024861 28.683631214915951801 -2.3845288100223824834 -0.0051108065864338015488 -0.011147068185097093462 0.41585610173957593405 0.90934774710936416842
1724904789519994673 -7.0486763689165483626 29.625367066950843764 -2.3281248866970298828 -0.0031265082421935014301 -0.009699846428249978697 0.41345279284342745241 0.91046852005736589319
1724904789769498803 -7.0942379732760363353 30.54439080200746659 -2.2681521117183711667 -0.0033999129953797019993 -0.0099928695263633710022 0.41164309235279167298 0.91128401043170093043
1724904790019780416 -7.1640129892980279891 31.442893637846538013 -2.2238833493286640497 -0.00355089276472444473 -0.0081226860814329737009 0.41067221236619982916 0.91173995586551270787
1724904790269455828 -7.1716797517296226872 32.44596217982316233 -2.1415560217798899068 -0.0016907699616480094396 -0.0077987678630062687302 0.4116406523614248858 0.91131130457172349058
1724904790518674231 -7.1860246906204476858 33.423306723137798713 -2.0565984950803191111 -0.0022542821884030525212 -0.008635337032498146409 0.415632831959403648 0.90948870150406857515
1724904790767756862 -7.2456140582822818885 34.427071254377707987 -1.9712524726476585712 -2.720475768046450756e-05 -0.0091634398633345780921 0.42236646175357639432 0.90637884056035700198
1724904791017069866 -7.347449824458306189 35.426144797027490085 -1.8893221357180474129 2.5725840647578934305e-05 -0.0094016501123525015454 0.43305854434481338977 0.90131676201172317153
1724904791266816764 -7.4886464284298348559 36.419288950076328604 -1.8100214625918715772 -0.0016384359037518523693 -0.0082535017128287525151 0.44654477033476258629 0.89472172395887417107
1724904791516269557 -7.6795293692540695929 37.411306219207517643 -1.7286126945700768243 -0.0011461741462505492355 -0.0072472887391300715512 0.46174168923768466044 0.88698408977314113777
1724904791766231482 -7.9053236778478206404 38.422534454683322735 -1.6358539013387112249 -0.0014573658311410769318 -0.0093863332128384015934 0.47873652399588029205 0.8779072350914951528
1724904792015788930 -8.1838795386372975571 39.440263198164224434 -1.5340121275104146026 0.00028055798527787850815 -0.011270190553657275651 0.49639297352495154181 0.86802472310825218305
1724904792265113535 -8.4732929872510389657 40.460848892619935668 -1.4476302068788846622 0.0019377255695555528452 -0.012835085516366962627 0.51659381666219750251 0.85613219445701793653
1724904792514536997 -8.8263708939376517293 41.437049706545835193 -1.379620785015114981 0.00036196887904685939299 -0.014223093251431073031 0.53980187698980353073 0.84167185184914961038
1724904792763910197 -9.2782186934845540804 42.387191583120689131 -1.3138287789766209812 0.00016837727471451628962 -0.013222027609264459108 0.56480113323122327351 0.82512109992153237492
1724904793013429353 -9.7901429858699202669 43.309221905057555091 -1.2575903076627623633 -0.00203312169709934671 -0.011834080682704663928 0.59038199975350758031 0.80703464319545137329
1724904793262992881 -10.361048338238383337 44.13846363969959441 -1.1942452555488232147 -0.00080929858956259033247 -0.010511362057526342853 0.61670362227003316935 0.78712483036841696116
1724904793512899476 -10.9705089944139349 44.927473794888108216 -1.1340221347076033798 -0.00097268248463137333033 -0.0094005314451414065391 0.64179290994998594577 0.76681976020135433902
1724904793762682535 -11.62059982487951082 45.698740956046982831 -1.0789619760200255261 -0.0038254212780619986298 -0.010650886473044914038 0.66716290629202967821 0.74482587309877734683
1724904794012383518 -12.327311300040454611 46.451574775964211028 -1.0071954911881559891 -0.0049261103976375401198 -0.01259922805666278782 0.69238453363141572172 0.72140186475828693702
1724904794262441571 -13.100408262572790008 47.025268458293794538 -0.96050408763108763299 -0.0028739959154844285649 -0.0096133262531592784256 0.71829748557528061426 0.69566374515426465663
1724904794511437226 -13.889940743770438303 47.554635249137469089 -0.90557066351893189537 -0.0042616058594044077881 -0.011163014132613661988 0.74428829410234276232 0.66775157138953888936
1724904794761206258 -14.745519248884047414 48.069757578821402433 -0.8580164109234077463 -0.0043811646444179563886 -0.011634381633498324174 0.7695859932739571585 0.63842215305932270564
1724904795011579710 -15.655897221512589113 48.574123069325942481 -0.78784107705873318572 -0.0019109680639127618867 -0.013665917886215465243 0.79394763543549939921 0.60782953455369781448
1724904795261204585 -16.552792661820173947 48.86732126134040044 -0.74080022012951352028 -0.0015126084712218715572 -0.015028799279558580082 0.81710660721187944322 0.57628867736449540526
1724904795511896536 -17.489465442854573496 49.116081388183459921 -0.69535392532956530331 0.001787757695235380178 -0.013794392228308673121 0.83771882233343619717 0.54592462242855033239
1724904795761896248 -18.428590100537689978 49.362880407300146146 -0.64911748284101988826 0.0021535767204712234074 -0.015977587932342315891 0.8555539264346355699 0.5174626148365227829
1724904796012818617 -19.399850922386434604 49.590165355188936758 -0.61830386116491464765 0.0021490593186301479127 -0.01468167285428140581 0.87055191207101978446 0.49185282190482187969
1724904796263444875 -20.309708344971696192 49.621292229662806506 -0.583853709444630109 0.0021125619711111123106 -0.014869321652909066669 0.88334734097517619844 0.46847829784055755598
1724904796514243683 -21.210041763041086682 49.62378931353268996 -0.54759173260959137508 0.0027138336038925758333 -0.012551576700543047235 0.89341925898642182702 0.44904022169695839706
1724904796765329935 -22.118141309259161886 49.651229244620033398 -0.50462492374327605482 0.0035574705237121193209 -0.013585613251324494058 0.90101101815948159146 0.43356881884110687331
1724904797016104514 -23.033507423371180067 49.687865845722157587 -0.45243167867924483083 0.0058108312135278488569 -0.013795409360832514706 0.90667554344738954253 0.42156302000478579339
1724904797267135693 -23.881079275929423034 49.542433749544130706 -0.42481836404976580646 0.0035906634008245116169 -0.012557224968728261313 0.91241024746547938484 0.40906840938577665456
1724904797517162679 -24.732858173670404511 49.375790746073995763 -0.3766404474027273408 0.0043347331377080900588 -0.010016431079741962284 0.91790218036816895175 0.39665661279299402331
1724904797767550807 -25.584692963171718816 49.207463044994796064 -0.35255206081049317302 0.00019132652182472960345 -0.010852064010871560404 0.92346105182495741293 0.3835386315134486912
1724904798017495458 -26.48196350413575928 49.023690909236108837 -0.30281134324790137669 0.0018254019848490980402 -0.0090783842954209603704 0.92906887333720689082 0.36979085905699637937
1724904798267306625 -26.936521930153595861 48.298244686618247101 -0.67467214470758452016 0.0015088384173781155522 -0.0068237550681067710157 0.93515010684696620036 0.35418277405530129709
1724904798517143888 -27.322141902560005633 47.52268907010667931 -1.0852178967759478212 0.0020520830382762468742 -0.0093326685258973262477 0.94153184635846154382 0.33678846854697369606
1724904798766996211 -27.736109528036660521 46.691430690943398929 -1.5127882692407981224 0.0016460883546428636652 -0.0078556346512372154239 0.94822319144864697371 0.31750332060672659118
1724904799016785759 -28.171060259748760046 45.839625575712361183 -1.9327314320889914523 0.0021124567154642477119 -0.0073287873981181805849 0.95479208002819093704 0.29717656421282467871
1724904799266644476 -28.943018586849561302 45.280359393352362929 -1.8446613729578900109 0.00099982697951180683413 -0.009617814541528676639 0.96087917759730601119 0.27679903187941373721
1724904799515776987 -29.780487950417906973 44.73189920798359509 -1.680122374694315468 0.0029227645783405625107 -0.0084547487863445708323 0.96648245021502854346 0.25657678791452326328
1724904799764904846 -30.637285707367944099 44.14861435145598989 -1.5212706180598256633 0.0044636454705915991348 -0.0074139777723844328683 0.97179687269059167321 0.23566066076349967418
1724904800015230161 -31.49280777422629285 43.554494095062622705 -1.3649381455870293056 0.0042952549202624123667 -0.0082178114255855132242 0.97623345992718224551 0.21652309363933000541
1724904800265788268 -32.245623496518454942 42.898931506183700435 -1.2798670981219881781 0.0041977843968604216726 -0.0077718994122152789197 0.98011126762334432883 0.19825205992232378116
1724904800516516411 -32.977212654279000503 42.223948050419828348 -1.2155389422981253134 0.0030385697619121367595 -0.0075904439490187521414 0.98355765932116301364 0.18040920997868656328
1724904800766644559 -33.731121078298130556 41.511551904196565488 -1.1357525931659095964 0.0043514642835002521198 -0.0063477932917807384713 0.98662781534495114233 0.16280762963253050946
1724904801016843230 -34.479972501782242489 40.798888932776463889 -1.0581347652181565255 0.0052790091914138304041 -0.0072455755297456845773 0.98905989251832981957 0.14724185107784201754
1724904801266920705 -35.10683867681581205 40.047036058729062802 -1.0006568994139082296 0.0057234735883074519883 -0.0055666882518751736875 0.99111289117453316155 0.13278362391367481976
1724904801517205019 -35.713502404614018815 39.297772942646460592 -0.96182724680308784304 0.0045674503844956651499 -0.0048114494082912113646 0.99267489690501531374 0.12063389824669441819
1724904801767279836 -36.330839851588237366 38.537110484296725588 -0.92740092731179690766 0.0026799676044808756238 -0.0049332257721123847286 0.99400815555539756563 0.10916165877484867996
1724904802017699502 -36.968129525445078798 37.773470225675438883 -0.87739067626597533334 0.003339759308315442491 -0.0040072116108972018547 0.99495609690446040752 0.10017561327743310096
1724904802267767690 -37.52127603444845505 37.035850331728731533 -0.86946043243162363101 0.0033878740225124050547 -0.0043056223046654450506 0.99568465693820840112 0.092639342959776022068
1724904802518331801 -38.08014453420762635 36.300769530170519772 -0.86718749213498358408 0.0049902906882441314812 -0.0025267484139613496756 0.99618368308849336579 0.087102135964302315752
1724904802768611815 -38.645821927789711481 35.573113107062340532 -0.8760964747911494932 0.0041092901621470057094 -0.0039732668271017625508 0.99660668544152708481 0.082112370677851667655
1724904803018751098 -39.227242378606391071 34.844691264051853352 -0.87863193072170830966 0.0046401270906455691426 -0.0048880722313208047752 0.99696809547398146378 0.077518982045859607943
1724904803268598129 -39.812813488238710136 34.089729414418151521 -0.86240407216992520656 0.004897221446082638055 -0.0027479408053019678364 0.99729590642620669083 0.073275787740351261412
1724904803517929915 -40.395488684651162714 33.35797253535601925 -0.85858698416889078775 0.0031019899904872385438 -0.0046519120588759017842 0.99758775415863243374 0.069191113049518443434
1724904803768062721 -40.998736344462230363 32.594360746955054253 -0.84807872986483223698 0.0020576608642708031464 -0.0028168809438815305655 0.9978836355932249047 0.064931356283108948579
1724904804017959297 -41.616818258030583877 31.833954531768423379 -0.82773942822213275594 0.0027200164531868088399 -0.0022484765692580375301 0.99814170981033578656 0.060833157081572719616
1724904804268387389 -42.239357772584519068 31.023698585115770499 -0.80934898692830170575 0.002477565958308385486 0.00012993449394703624725 0.99835023667911138023 0.057364184877949052355
1724904804517979179 -42.857264718289776795 30.231846084080295611 -0.79272699269806901068 0.0028441782983084961181 -0.0029990625855958450742 0.99856043334880173479 0.05347875488143243039
1724904804767794255 -43.468504859453219069 29.405895116971180414 -0.77098142347077802672 0.0031006079876974325382 -0.0012996034786505697867 0.99872276464141640506 0.050413655371447298192
1724904805017776562 -44.058429201396563712 28.589565560693671387 -0.75429578599366464697 0.0036528106505085474603 -0.0028658643174534026259 0.99888073018275380655 0.04707154836665279618
1724904805268230506 -44.637088791040028468 27.737834139926444976 -0.7410519127345051027 0.0038007077394716249491 -0.0038695319977419639738 0.9990050201750740877 0.044266816101874821576
1724904805518013420 -45.193587047064980311 26.868614885922358582 -0.71077704258069518417 0.0059759558225753132282 -0.0017493573297779588423 0.99909693895300677458 0.042030159120222843061
1724904805768140498 -45.716433759129593284 25.99898808356753932 -0.70834469515002906892 0.0048951084423358576236 -0.0029451327428452220118 0.99922223556472100636 0.039016510088753099394
1724904806018551801 -46.205791930034415316 25.113637793379837149 -0.70374683668212123511 0.0029401643630268510868 -0.00075473083519119171098 0.99930773153890672944 0.037078882149398278978
1724904806268583326 -46.709785689115769003 24.283633421752206516 -0.7087006883077623387 0.00046546143841278385389 -0.0015907121348511723147 0.9994082314916666876 0.034357529120304999837
1724904806519215401 -47.20661034759694985 23.439049251283819331 -0.71827679522213261354 -0.0012530926475912034564 -0.00076611400856689039224 0.99953519222299636038 0.030450654112522488465
1724904806768923761 -47.712150586622279036 22.574667173184007396 -0.69203982350335280227 0.0017130440379415860092 -0.0021114179282147420291 0.99971481361434966217 0.02372548913052018385
1724904807018173344 -48.189590699278745944 21.675454710590543073 -0.68508301239779434422 0.0020483821084119344449 -0.0039818777054386970266 0.99990812614622615051 0.012794062975442114377
1724904807267633487 -48.695909115525019217 20.793795965601614029 -0.67126662761756261677 0.0038642029590377426247 -0.0045609193059388290423 0.99998080588691684589 -0.0016290513585295307835
1724904807516132893 -49.164164591291694251 19.887040646877153449 -0.6709141546646260057 0.0040059098624116518464 -0.0060693222133205507185 0.9997940561023092032 -0.018946276587709098144
1724904807765368293 -49.604273929138130939 18.909688042576409117 -0.66884323778183574216 0.0041475160684470114766 -0.0056838316673751918678 0.99919864804684666026 -0.039402460702255698299
1724904808014922337 -50.010312577135749734 17.896746584028715432 -0.66899707289716214831 0.0044410969486691903585 -0.0051801057210586372304 0.99813946029442390806 -0.060589280947767325258
1724904808264550151 -50.346909544446404539 16.943562080060122099 -0.66009208382777229129 0.0047090881364734394829 -0.0060853493639047460603 0.99657593281304290844 -0.082323770260205875182
1724904808514285533 -50.629601636633402961 15.961347999477583315 -0.65356417308382264153 0.0039060616360739371794 -0.0052103150903886246217 0.99448822255729407704 -0.10464592918020293455
1724904808764212428 -50.858922619192703962 14.943985212574398602 -0.62941954571997416057 0.0062744329172706968245 -0.0035078550499546682674 0.991835833867376504 -0.12731851829612697569
1724904809014378923 -50.997524867540768412 13.912674656039477838 -0.62533595264154573368 0.0062343513803205458448 -0.0054536752387422627805 0.98820817681033989999 -0.15289208473443252623
1724904809263431439 -50.974274917376945382 12.9950999169965975 -0.59916648299460972815 0.0068440320809694463189 -0.0054211813659135413973 0.98319562568824803162 -0.18234618626384049844
1724904809513748131 -50.846159041141810064 12.091812240519153931 -0.57662690040584840823 0.00626965051209467817 -0.0049917960173911351401 0.97715667211949464033 -0.21236904573720594147
1724904809763826913 -50.64189742531088001 11.163069335236254886 -0.57512046647495373985 0.0033469113295738896034 -0.0046967354033964365395 0.96960490517561448431 -0.24460798580686221593
1724904810013310111 -50.383010282333593466 10.201771203985577685 -0.56152847519165538515 0.0022078850667344405989 -0.0043105658384580310127 0.95988594417145989279 -0.28034892267984429237
1724904810262488025 -50.064918449124967026 9.4666953376223155203 -0.52617124097269063476 0.0034014378111625834938 -0.0052719795383316262263 0.94775331014279862174 -0.31894247062116476421
1724904810511421470 -49.681200491575580713 8.7684342166755229186 -0.48995042116690595835 0.0035124302070918909241 -0.005064876718943352174 0.93350992664341880811 -0.35849857282290692462
1724904810762054655 -49.221052139644733359 8.0514824517585896757 -0.45314584472189517461 0.0018406656590139577803 -0.0017783566370800146447 0.91749012101042859424 -0.39775033280422539272
1724904811010933591 -48.72710644872769592 7.3338616864378289861 -0.42169838954437771639 0.00076904511047119837163 -0.0016670853494878535954 0.89904806966805450585 -0.43784608919368056545
1724904811260827961 -48.16103810011143338 6.8204103971131431194 -0.37492941726072176456 0.0011469264141051786852 -0.00076867712649981241504 0.8770690925202094812 -0.48036225980092550625
1724904811510167801 -47.554239278096524401 6.345968012076173892 -0.33152483338072902264 -0.001890248475989592114 0.00038917256708133492714 -0.85171667330127698303 0.52399903046286055996
1724904811760329532 -46.877059505178024779 5.8379309806576120678 -0.27474499479927855239 -0.0038195268840977847358 -0.0019678457166503976299 -0.82254880703909294404 0.56867829115958168362
1724904812009719764 -46.154521224569428739 5.3422971452723171382 -0.23505822822602776001 -0.0040487687662576930456 -0.00080927472588254701323 -0.7914343418945569697 0.61124024328886006341
1724904812259967376 -45.318408120664358307 5.0705077993187863683 -0.18119879110434916614 -0.0047804976654260448662 -0.0026681649759018738477 -0.76049322850169887023 0.64932278347582661482
1724904812511202760 -44.463172797883977694 4.8746836882566046967 -0.15805920519902733057 -0.0044591124336489330535 0.00025556175686579357806 -0.72836803175042252878 0.68517155612919877772
1724904812761405716 -43.551029789158093308 4.6788260068308362705 -0.12279950766178272803 -0.0010459259585555310233 -0.0023458603305494601585 -0.69758476998075447106 0.71649765642959140077
1724904813012550976 -42.639382879132810444 4.4908221700213948324 -0.096770970234527090015 -0.0015324309249426396138 0.00019188430759180957492 -0.66785711887478782511 0.74428790370671771282
1724904813263224883 -41.658241877353717086 4.5453196973053779928 -0.04122802235894029721 -0.00067692524579400351926 -0.0037797267491988749931 -0.64046869794397098818 0.76797467561884336096
1724904813514351406 -40.709666306715185158 4.6417325517500236387 0.01844087536026031704 -0.0027538035527957483925 -0.0072121640446694843321 -0.61624652822637637772 0.78751547140657696122
1724904813764349031 -39.755916806116545104 4.7517076216652167631 0.078585080369109536202 -0.0044344737943708854508 -0.010197218840537671664 -0.59532198572731387376 0.80341028464899089112
1724904814015664801 -38.811484867252922015 4.8694920353750790198 0.12105808972558411429 -0.0048808635147925575823 -0.012610141898554541595 -0.57942877394100056332 0.81491070518301400583
1724904814266498865 -37.91207193755678162 5.1537785435588583383 0.13427019083499278085 -0.0055168728921851173733 -0.013038325343688031074 -0.564782959481433533 0.82511803692872764948
1724904814517623669 -37.045408313954872881 5.4571931114652674211 0.12739577970943441465 -0.004419763375558723173 -0.013672189857161820212 -0.55315211725683743893 0.83295634464868095748
1724904814768533279 -36.17764779150970611 5.763714087580319223 0.11100070335832126767 -0.0024163100089063206319 -0.011331225501540368589 -0.54292227410642346364 0.83970302432091015188
1724904815019004268 -35.308016144436813022 6.0465197683779230431 0.10055994337770164659 -0.0014574612102455355642 -0.0097516795106088391409 -0.53452104909031228352 0.84509764443698176528
1724904815269095800 -34.473304756800132509 6.3687138587918834531 0.052008364330427298006 0.0032976651627154769143 -0.0053122983397474246581 -0.52827220076059355769 0.84905205187572740932
1724904815519655809 -33.658455869442143182 6.6607777697840786502 0.02537435495275302752 0.004578510020289150613 -0.0037386850214994197042 -0.52321002349957290711 0.85218327300521490297
1724904815769604459 -32.840170085925578292 6.9448663580948108986 2.9675204067036638098e-07 0.0037773338083483035642 -0.00071163778806902203058 -0.51802653391531749971 0.85535591158338364348
1724904816020078112 -32.008629329198598157 7.2152339887625815962 0.011493393668347957892 0.0023614667181090414141 -0.0019144318014133979589 -0.5134090286989002605 0.85813864129071149023
1724904816270261183 -31.136276874081268318 7.4742053294297550181 -0.0096272003199536909657 0.0028650585053896014502 -0.0062011354671018103363 -0.51180788006371102927 0.85907277413695803947
1724904816521090449 -30.304439776582249522 7.7179774343519005342 -0.044837280543997798388 -0.00063128658402363023797 -0.0066334064056186017519 -0.51070544626690683732 0.85972992651763946448
1724904816771108216 -29.466576856935397188 7.9732280834786006807 -0.081802780722677881364 -0.00091537179252843459045 -0.0081511574228931571451 -0.5104289639548595936 0.85988080190402949032
1724904817021359709 -28.640094495393174867 8.2306016586305847937 -0.12224856435652645126 0.00021093930697681939233 -0.012048376429335002843 -0.51220667735692004818 0.85877768473628246504
1724904817271124005 -27.760504569563629218 8.4635860890732530493 -0.18059523585136524892 0.0016442089972775316906 -0.013305707785829300888 -0.51431007169008602364 0.85749950721573631185
1724904817522188806 -26.913787269169667127 8.6940852986576224737 -0.25029260619509624552 0.0005852785965213565646 -0.011033810289698457729 -0.51668672234069301652 0.85610323176372060683
1724904817772281247 -26.076238803751369488 8.9578662523893921588 -0.34231396608489084166 0.0040648938684868440516 -0.0058880450884757464317 -0.51976193129664571835 0.85428118458599733298
1724904818022409195 -25.231848658277446162 9.2160449504933001919 -0.40292058082391785101 0.0071080949663626415147 -0.0069344490689550340387 -0.52209836722824121136 0.85282746399237396862
1724904818272254606 -24.360993571056912543 9.3715412994901559074 -0.45403242198725007883 0.0040996152358766290227 -0.002862902309026913502 -0.52449683101241262317 0.8513977162309183111
1724904818521493029 -23.460534933592196438 9.5183315361359355222 -0.45201431485451287751 0.0041405860687065030798 -0.0078288520007912774934 -0.52668289942298196493 0.85001569872488724755
1724904818771461398 -22.582163132744057066 9.693504425448510986 -0.49645989823623282167 0.0045801115069399774005 -0.0066711056138455690837 -0.52884551049825767599 0.8486795301845744266
1724904819020780829 -21.714126717756663254 9.8687434154459658942 -0.52101100906114738986 0.004247752856793947894 -0.0084257692039132279366 -0.53082485448328520228 0.84742901583069996096
1724904819270779429 -20.772661388755064849 9.9608516223118623856 -0.56165397718025411589 0.0054168961431256103592 -0.0091049888669319112983 -0.53262873282144518328 0.84628268881439905336
1724904819521147623 -19.857581193159639099 10.056372112256486417 -0.57560897902082852617 0.0041901704356255130984 -0.0098177720280084625204 -0.53456657443729160839 0.84505895138653253085
1724904819770813124 -18.949674702227781609 10.19073135340322267 -0.62702466978167403777 0.005767284890178986205 -0.0082590390430503680952 -0.53677506354523774057 0.84366525225061106408
1724904820020777617 -18.058278010521529922 10.338224373224544905 -0.65542738596630911729 0.0056066966865573322418 -0.0082228112112718004106 -0.53820079303737955456 0.84275788735673362595
1724904820270549060 -17.127226328050550563 10.386056531245648316 -0.67265718397701479425 0.0057204777653037395049 -0.010263517341928369078 -0.54008091733839524995 0.84153106839428448716
1724904820520499565 -16.237040786047455043 10.437853733785921406 -0.6902365955386584595 0.0016260419782034786669 -0.0090582237570672637095 -0.54127812258785878985 0.84079325554955242072
1724904820770841877 -15.331068518413212942 10.533244399813222358 -0.70893790506967024889 0.0024940416222365186134 -0.011576525056652181914 -0.54297995602557658223 0.83966215299872970501
1724904821020844771 -14.448645981742256339 10.654690140037960333 -0.72846316850612169436 0.0025287649298216955188 -0.013677961253853067672 -0.54425715418394449152 0.83880311685368802443
1724904821270802960 -13.587222668945985404 10.686412978240976912 -0.7388940346879478982 0.00040310440341589844635 -0.012413893776860222481 -0.54510542383350013562 0.83827549746812779485
1724904821520309876 -12.743365309569139043 10.755537974550794189 -0.7528283350016564679 0.0013189690220606438073 -0.012197277791054004711 -0.54546437293246663458 0.83804421398670703169
1724904821770009630 -11.913191235137110979 10.858556342571406006 -0.7615791255274907412 0.0020322285360606846295 -0.012973444659921952796 -0.54692887592786976203 0.8370760804473568184
1724904822020182154 -11.126190035394568412 11.000417464496120346 -0.78162531936547363642 0.0021339138657576182424 -0.011233327921093917701 -0.5491757754625955501 0.83562864144336723715
1724904822270117322 -10.366623992579269142 11.020640919788254664 -0.79483890697908288203 0.0047895110561090538034 -0.010904504956329249057 -0.55127478809757135547 0.83423873103775192384
1724904822521174765 -9.6545256658967488761 11.062154727806680299 -0.81586751525803791196 0.0071443710688065559938 -0.0086395095277532231448 -0.5533569635314972146 0.83286876982412560988
1724904822771108349 -8.9568174935796474045 11.121578933078005491 -0.83276429668212259561 0.0087158879503259033272 -0.0081568621866694064615 -0.55656944162944421706 0.83071532761879007811
1724904823021280985 -8.3134183258246352466 11.162235678516355009 -0.83011054551640717225 0.002661256670955499358 -0.0069887530301518657055 -0.56138198867407129722 0.82752301347839241075
1724904823271336639 -7.6938651191929121609 11.039082571473811001 -0.82284046874004468375 0.0036237742643826431274 -0.011020762898859105122 -0.56826989925883852894 0.82276043453824265761
1724904823521523498 -7.1583372704326997393 10.898680591207117629 -0.815404510942899452 0.00029258318524577169853 -0.011945846556543895586 -0.57712666536838974629 0.81656721907378204683
1724904823771630387 -6.6461650003225578587 10.755226481007818862 -0.78642946873845542832 0.0010306558482261016663 -0.020960565207893119832 -0.59214317169552599385 0.80555946811458345458
1724904824022426262 -6.231276979352341705 10.640002704049296156 -0.82598809976376619257 -0.0029950155900415617941 -0.014040389266726909998 -0.60592994377930120553 0.79538845891958176448
1724904824273302577 -5.8304408237342331134 10.402632679839262764 -0.84855638135903255215 -0.0019811693252217319958 -0.012836615880336381054 -0.62402346887936921416 0.78129764273841528777
1724904824523356278 -5.508209089256088653 10.163060898835519552 -0.85288493021919020709 -0.0034407181543812761539 -0.011773661769838119837 -0.64388360359906471331 0.76502512858297289089
1724904824774141226 -5.2315575258474975584 9.9296159667445689223 -0.85276164771020368516 -0.0030970388879375141886 -0.01412761685531605145 -0.6667427530627509924 0.74514758271796022182
1724904825024564323 -5.0210381718429033526 9.7262240112035449613 -0.86617558180552245428 -0.0016564601204929355147 -0.014474227580787490249 -0.69062457243792541028 0.72306670011883522609
1724904825275009037 -4.8343973046300838803 9.2770545280044807157 -0.9396604571782417592 -0.0036846567847820537074 -0.01046090776585475654 -0.71548312405857006357 0.69854197576128607139
1724904825525857558 -4.6924342265272578345 8.8316713438911165213 -0.98642668621537943352 -0.0047564622421382048156 -0.013764697279848829223 -0.74106697689270428775 0.67127315225237582652
1724904825775114984 -4.6021048206637473754 8.4393195640784437472 -1.0580397216407269045 -0.0047090284724507274969 -0.011311581507792798501 -0.76489989252731549474 0.6440326292870102165
1724904826025043027 -4.5465142155120341627 8.0830250199071418393 -1.1350289249315994589 -0.0044069573202484401547 -0.0084168744815340795079 -0.78691501518338846655 0.61698824448288069888
1724904826274607227 -4.4706657507605322976 7.5619482861350100222 -1.1486533272699890329 -0.0045249365920630515991 -0.0081422120281660018831 -0.80632749968323180756 0.59139596936968907848
1724904826524300482 -4.4146648213751324974 7.0708694896035666488 -1.1611791720737143496 -0.0048223198902593291879 -0.0058524976253755004243 -0.82189565281423193621 0.56958759588625917925
1724904826773186301 -4.3491731261799895236 6.5761520583971595499 -1.1700300929304952025 -0.0047820393760301298583 -0.0076930030621230145391 -0.83484165983206015671 0.55041561824874019049
1724904827022075461 -4.2855213928818081115 6.0942067370741854759 -1.1695236471958188051 -0.0054917692823536262345 -0.0094202877680742650585 -0.84499398064602082581 0.53466463443967238156
1724904827270852808 -4.1958025934454727945 5.4153802289212995547 -1.2059166678859232213 -0.0073094900610425296225 -0.006610303769983453398 -0.85125982252983145582 0.52465187485188324867
1724904827520732326 -4.0714763424527351532 4.7373371647995945466 -1.2358140394083956259 -0.0080893220430406087562 -0.0076890586200446869522 -0.85417074662601977231 0.51987284681426548794
1724904827769291862 -3.9062051464513198873 4.0708597708578642127 -1.2717500191683699384 -0.0073047252543592677831 -0.0089969078917279919627 -0.85453327982844218269 0.51926733991556928149
1724904828018684259 -3.729299564845578896 3.4360553421770951843 -1.3105984192754898121 -0.0067399364374538858063 -0.0089693574506122565604 -0.85415129082462470933 0.51990354515657022372
1724904828268068711 -3.5167705159420532546 2.8240979826208194581 -1.2925054910074067482 -0.0070759912898578532225 -0.0089676894202007050028 -0.85348838867888310311 0.52098664213591161509
1724904828517667185 -3.2941453723864531078 2.2553742860429615291 -1.2715503234778107178 -0.0065407636340083881096 -0.0096348388283899657342 -0.85276396031609602577 0.52216665565491904299
1724904828766265908 -3.0674924109921595239 1.7166541125143190971 -1.2580656546205239987 -0.0062582398335031793127 -0.0077910090117576753441 -0.85212427090807940644 0.52324407454087706881
1724904829016149751 -2.8210456412036202245 1.1964620468279427712 -1.2321029624513872847 -0.0060456275031730202091 -0.0087253340016126782613 -0.85140319733160318982 0.52440434257181389732
1724904829265993190 -2.5870434583931034567 0.73937102826762146623 -1.220297523452415378 -0.0058698212786322326306 -0.0096184195975915105781 -0.85116208350873090449 0.52478199168767014626
1724904829516678256 -2.3459659908943821804 0.33336744119088818072 -1.2111061768529751692 -0.0054449348827117311986 -0.0093348132747456593478 -0.85082803983018462368 0.52533309488740032034
1724904829766407525 -2.0837053627916031218 -0.044115142021782301207 -1.1970785201602724968 -0.004942324131766022248 -0.010611396504477283234 -0.8505398513098534341 0.52578030871288206072
1724904830016651820 -1.8146540116899030348 -0.38660080524632833843 -1.1880813006400818832 -0.0050781324889353487637 -0.0097368502301775315677 -0.85005048473167799106 0.52658672573989107057
1724904830266835747 -1.6254773010205092465 -0.65779077533536434164 -1.1869391268118714144 -0.0052457916552166366717 -0.010322887246518756138 -0.84986146813603657968 0.52687892788236112551
1724904830516761247 -1.4450712356280117632 -0.89076135095517450235 -1.190895818265618189 -0.0053582951972432632873 -0.0097176397869436267202 -0.84976565954625049581 0.52704381222577334487
1724904830766593029 -1.2579073410457477511 -1.1181447980540830667 -1.1954707511471767134 -0.0051497584363065706733 -0.0093138365593205194037 -0.84965858488823509109 0.52722577854493801741
1724904831015975674 -1.0718315436055925183 -1.345072476710380327 -1.1980389657207324294 -0.0051871567206866701222 -0.0091209529566367766179 -0.8494481262252724374 0.52756779893648853008
1724904831266055960 -0.99439168526832066863 -1.5194488597031809984 -1.2140905574036435777 -0.0053461897803706781226 -0.0090434926948326638252 -0.84935839057329853841 0.52771200276045149291
1724904831516324016 -0.93357875206600215989 -1.6856628403149405138 -1.2331905887789442744 -0.0053788061334119965928 -0.008513373065383593799 -0.8491084845187882868 0.52812249757214047019
1724904831766048189 -0.87263178997897905553 -1.8558190253065300901 -1.249500385534298097 -0.0055035406430983171283 -0.0086845938290911334212 -0.84886957655378414422 0.52850234708259624661
1724904832016244150 -0.81177962232196987369 -2.0259904729083730857 -1.2648213988571008759 -0.005704921871494267327 -0.0092738603396448297117 -0.84876285306540877329 0.52866158233515336828
1724904832266234123 -0.84334555773962005532 -2.1420094682241903605 -1.2466867246185782125 -0.005828876580195872445 -0.0093265678373821766373 -0.84845381278223774846 0.52915514445715372549
1724904832516230708 -0.88458621319345631662 -2.238634211896152415 -1.2229668053234727942 -0.006119689040852416273 -0.0091983784311443911319 -0.8481461996712715834 0.52964701757251542169
1724904832766143236 -0.91940048906218230229 -2.3203173933583278732 -1.1988039746698693211 -0.0064503769998141228387 -0.0091571954582523543836 -0.84788663223016780268 0.53005923941884425243
1724904833016111093 -0.94426868413932751878 -2.3788725093194891258 -1.1754612258579000272 -0.0065524708730494455808 -0.0090383216117214185137 -0.84770485919001281605 0.53035068169423627005
1724904833265791259 -0.96519347617004236373 -2.4002868050930321608 -1.1634912190097763673 -0.0063485726950754089309 -0.0089582235059965809737 -0.84754386826298699908 0.53061175752725675547
1724904833515981611 -0.99048511609886369378 -2.4179328250086880026 -1.1544380550783250872 -0.0062431327125344274892 -0.0086290973323122476674 -0.84746245057322844296 0.53074848736626822898
