1738302482545561771 -1.0855219721413211786 -0.34741639802981288954 0.76298088191156221427 0.0096224470105523117469 -0.019598029180462869792 0.81573849799168873798 0.57800867524634480521
1738302482795216136 -1.0876939609644322715 -0.3502329931235608762 0.7672828326533701615 0.0096191113941087782319 -0.019597923370130852783 0.8157417318161993558 0.57800417045993179865
1738302483045220425 -1.0907437119320710917 -0.35154772336577511105 0.76606995247251308268 0.0089600810210705584408 -0.01903175815972199883 0.81570754133982070755 0.57808192856271722881
1738302483295384257 -1.1053506388682889927 -0.32726940745945021227 0.76215164318225503415 0.0085345149385403929615 -0.018415785545662144429 0.81570695877939780605 0.57810914047121364501
1738302483545776261 -1.1309133305154392968 -0.27485843301633516855 0.76326270765388515294 0.0086678695626892857118 -0.018063327089649861001 0.81572292702154303168 0.57809574516952022538
1738302483795771362 -1.1659479041869988958 -0.19936875276950061231 0.76286086252235052463 0.0084476184761945599666 -0.017545519465021707645 0.81588025882161829827 0.57789289297754142805
1738302484045515136 -1.21562276381084855 -0.079447966029844663272 0.75475955796993432489 0.0070216466768847872471 -0.016707547765468389739 0.81596680215691275162 0.57781461741931638976
1738302484295094194 -1.2839628369421220988 0.10761053919858498684 0.76336623095496014546 0.006789197294236415034 -0.017758182834958481655 0.81638092965827324665 0.5772007722039130817
1738302484545200499 -1.369534575645225738 0.35169211586107856915 0.77230000069523518924 0.0060986649974884331663 -0.019440491732283095988 0.81668485251353939436 0.5767241327024509312
1738302484793983382 -1.4841066709378432087 0.63500383568683405056 0.77368170189766505285 0.0056004548246174103154 -0.018796017147844568118 0.81721391319751879312 0.57600066382039327717
1738302485044168165 -1.6314912359909767847 0.98840720408529636476 0.77176559189456472865 0.0083845942339551594868 -0.015836659858981461807 0.81801549898762138113 0.57491698722517803333
1738302485293802962 -1.7187138047410659425 1.4938008717885844501 0.71329643355150273987 0.0085801097047166537818 -0.016553359605838310203 0.81878742791348757546 0.57379396641480151509
1738302485543589090 -1.8262695583631953777 2.0503439919024937232 0.65668095915031832188 0.007604247903400482636 -0.017022164093760300957 0.81989265182506776419 0.57221364963328780195
1738302485793330691 -1.9573375482139931947 2.6572234270848018589 0.60532509594342220893 0.0086100374785160090074 -0.018528352551297290474 0.82067609719760326037 0.57102829255200948655
1738302486043056782 -2.1003792592866297184 3.2998944665210676597 0.55218925598952783851 0.0069555077655390935842 -0.020191025573865862414 0.82142519031331862056 0.5699163097479552631
1738302486292990017 -2.3177477357532030311 3.9063553713185301675 0.52954005679149962482 0.0069612229438579245264 -0.017765053157566969289 0.82161068891214383836 0.56972960264211913728
1738302486542303994 -2.5723993549830490579 4.5483349008308664452 0.48792117583656141599 0.0075022619273411054672 -0.013840059924538005223 0.82297062125673359212 0.56786576350011142011
1738302486792022203 -2.7921750151384325811 5.2350079134701070771 0.4651507103894841344 0.0039426984044631163337 -0.017917726673069976628 0.82382206645777344978 0.56655150958884936685
1738302487041812803 -3.0489598187792359418 5.9269195824847509257 0.44052063904314314735 0.003838863696084727703 -0.01749333442041710665 0.82469906542015036788 0.56528815472421556354
1738302487291736987 -3.3345400824851818555 6.6361041005136209847 0.4472235977210991531 0.0070646091505142160141 -0.018049380431812710873 0.82526815876216308432 0.56440834268895023751
1738302487542127577 -3.6328918481416550001 7.366795417538170021 0.44788404471763904047 0.0093413210829415005421 -0.018151652282892793283 0.82625391147356441746 0.56292782043034750306
1738302487791767495 -3.9285130580938099065 8.1145119300288826025 0.44503564443747795076 0.010363155755705061659 -0.019603673753431131999 0.82706473780004219343 0.56166913789694683512
1738302488041547295 -4.2383373380806323993 8.8790980912495847122 0.42174732758742317085 0.0087587398331374632932 -0.018603614327866713901 0.82793766148738945354 0.56044305571687491607
1738302488291456819 -4.5632731152026142496 9.6621818211829477718 0.40625514226713382859 0.0087089020163586099155 -0.018595242919302187867 0.8287073737466301715 0.55930533759691991591
1738302488541323891 -4.8905611595075786369 10.464558181788468971 0.38549069122567908297 0.0069670457691872345746 -0.019347885614397607873 0.82947195047732236173 0.55816969011838035719
1738302488791909017 -5.2410138271722326309 11.284636788506825056 0.38403476256276791734 0.0095590287143735262754 -0.017465760245074124501 0.82933804302018387933 0.55839231960025281776
1738302489042388482 -5.5805238796598493067 12.132620315941204936 0.38263445102167487066 0.01219979424593043045 -0.017373597043644883886 0.82834847331677818882 0.55981079830589619561
1738302489292918639 -5.8770431459443912559 12.997466036554943258 0.37234848645739165862 0.011195538226663236461 -0.019670049039380410605 0.82507428180534203577 0.56457079148500255439
1738302489544228199 -6.1668300961155662065 13.877678940361745319 0.36895301118495393844 0.013412583664195395355 -0.018626169236553913322 0.81976571608482695641 0.57223888294221403328
1738302489794689266 -6.4157460703904707344 14.761061934069308776 0.34214818449097256225 0.012635938833924467012 -0.018889885848186318412 0.81363695936972624256 0.58092891442070093699
1738302490044837770 -6.6444386881647972132 15.672906887510640317 0.34404126809372248541 0.014494291477044200442 -0.020012103350373997013 0.806489936500536575 0.59073125324248165757
1738302490295043362 -6.8435977866625643529 16.572324485697386365 0.31917786900357786317 0.013767007140641805002 -0.018075392727683433497 0.79896733012849741051 0.60094505163073752563
1738302490546038324 -7.0182849646201415084 17.489614553904988981 0.30160893421603990339 0.013301329831898469139 -0.016806081226861811079 0.7910937461584468533 0.61131932330615401661
1738302490795900506 -7.1631279518720107902 18.390335383013802328 0.26900988990483487573 0.01034994023930091607 -0.014813258506116592367 0.78322760478563524522 0.62147241709606904081
1738302491046098281 -7.2990667405574329862 19.303654328532402928 0.25406807920238161369 0.010575008266369850113 -0.012198701342762553745 0.77518529227203514242 0.6315276110597506376
1738302491296529061 -7.3812854323005625545 20.220874381651377405 0.24285164268629294559 0.0079775428036064823661 -0.013941374572114686656 0.76732968964348124974 0.64105159252395249592
1738302491546870043 -7.4720762474471218439 21.149479862752208703 0.25880269244281245422 0.01282930423068549125 -0.013921806261010367944 0.75878666265744798558 0.65106404664714823127
1738302491796736289 -7.529292697223617381 22.058812147852556507 0.25787641358461471652 0.011977292885685808174 -0.016461480542521906428 0.75250807742352121554 0.65826830208193598537
1738302492046576890 -7.592719049159613931 22.968220045505937321 0.25548064732714964586 0.011403486868804390414 -0.017306527308425731504 0.74766824358523320537 0.66374893004352797377
1738302492296393597 -7.6740823046550223907 23.862108877806928575 0.22701199918020956159 0.011708732112484031979 -0.013799601165708521439 0.74445251172969273412 0.66743009699843258709
1738302492546967689 -7.7524412666720392551 24.76761174943553101 0.2184458019352941982 0.011942370177117307695 -0.012469448588225530081 0.74238957208256406428 0.6697459338506849269
1738302492795842355 -7.8127106104056638358 25.656000928355464197 0.21147057427539941998 0.009905704578561434423 -0.0134681183382975838 0.74101775515442414033 0.67127727009867221852
1738302493045659394 -7.8877302376825628727 26.552311068585911613 0.19808574659630712178 0.010655253423083191691 -0.012398600955681925162 0.73938222671317932466 0.67308741118036996554
1738302493295697195 -7.9586822149336615695 27.445524268584467364 0.20158824059917365701 0.011701465789857031646 -0.011727296376875806505 0.73802473855921180146 0.67457025689891247922
1738302493546162821 -8.0037478654456855054 28.33442409442069021 0.19436148044759052333 0.0095241423262831526042 -0.012544115957909543133 0.7359080329252037922 0.67689829586426097929
1738302493796159789 -8.0531300208002392083 29.222403573499526885 0.18634277626267992112 0.0094091333648447759985 -0.011930826246857614489 0.73385899855644398659 0.67913186777835932162
1738302494046151409 -8.0678505513109026737 30.131446657096311981 0.18870657199721493913 0.0091731281757553451844 -0.014633331559923811599 0.72961938647820945292 0.68363533422585021082
1738302494296426944 -8.0965023629659942372 31.035231065414304652 0.20092210496982959578 0.012175291888036650703 -0.013860595867536905021 0.7257542138520569619 0.68770667237247351533
1738302494546324589 -8.0969202582406420987 31.922867840201330836 0.19816912670529832075 0.011684613883415023369 -0.014030320380603976058 0.72146103885193069161 0.69221426547500874982
1738302494796301779 -8.0828527270989898312 32.784095073960550337 0.18494738061301510545 0.0098793740833934065582 -0.013586698038918251785 0.71741888552638266585 0.69643947496835867383
1738302495046430050 -8.0802790381698255118 33.643569411773903255 0.18363989188425192123 0.01259268941998300563 -0.011454223523612928545 0.71304668899289003203 0.70090986885113792937
1738302495296378200 -8.054190710341805115 34.479345081227343428 0.18537729726974735978 0.011828647467210001015 -0.012736684713783823567 0.71002686123870661916 0.70396002463286833084
1738302495546280745 -8.0414667843181835138 35.302574599386190357 0.18799842653628470734 0.013059718009940862044 -0.012732662579677882578 0.70809454737425192583 0.70588202629616936257
1738302495795932668 -8.0607498920035371981 36.106785501907538105 0.18901111386223742872 0.016682803883176975518 -0.010669516565841689892 0.70793505631632513975 0.70599985942579923659
1738302496045444521 -8.0696856174588109667 36.892717694901818959 0.18504451468387125845 0.01339942599778820749 -0.013434779377921058155 0.71144023407309620044 0.70249039525677114959
1738302496294921507 -8.1413526710043235823 37.653557052003264971 0.18057919298111185791 0.013700130290832140956 -0.012097606474381156216 0.7173821991103231932 0.6964400438998622489
1738302496544797679 -8.2500776442239605046 38.402259354102959321 0.16275695010025179044 0.012397964660440649251 -0.01096235768047526711 0.72635183312405915412 0.68712381104403796872
1738302496794194320 -8.4056701656865264738 39.137994347451076749 0.1626681288374258183 0.011772720707096308995 -0.013011280814069329376 0.73907196431878174891 0.67339790701835977593
1738302497043478097 -8.6373537527289112603 39.853685400155534069 0.16965714667298173457 0.013354288318273012728 -0.014300013761695163847 0.7551804436848740254 0.65522490037073866098
1738302497292754696 -8.9334340231451481174 40.52760560820940583 0.176926723421048121 0.013923779555143766737 -0.015314607571958818028 0.77359473689076152514 0.633342540978205637
1738302497541914709 -9.309921271881856697 41.152964436766076517 0.17265848573330003224 0.013187682129229504752 -0.015341995600624967061 0.79599031966977651376 0.60497117220827656414
1738302497791626444 -9.7519186979719574282 41.728886854468825618 0.16346109297944222405 0.014115113908485219657 -0.014111485466785148729 0.81811110168817846588 0.57471371554176942098
1738302498041628497 -10.207672001146057994 42.261944375973641286 0.15518846709314329524 0.012375441831492139944 -0.014338632404563345091 0.83853759046897058393 0.54451442720164455746
1738302498291938556 -10.698759566422404887 42.736216116721344349 0.14042174927608483403 0.01079360891838385475 -0.012601393072694942743 0.85624961883125094708 0.51629574194494531891
1738302498541645249 -11.220304664531733252 43.167472821652680182 0.13155096551995162923 0.0095209862483809186429 -0.012189956264917046688 0.87382055577114681189 0.48600246100089006251
1738302498791135356 -11.765416559525244011 43.5336042976356552 0.11960161773925828688 0.0058880646983333973302 -0.015730343539374431333 0.89282382360120893239 0.45009277598775010443
1738302499040794606 -12.387662489869464721 43.797065175401876047 0.11950996596422194806 0.0070877861584698583289 -0.013589893845303612288 0.91233556695162476569 0.40915631651937522939
1738302499290339597 -13.030701658595466697 43.952892404357925216 0.11508739933263066602 0.0044573346468007955107 -0.012088079431568749325 0.93177183831526999569 0.36281572709308657076
1738302499540176356 -13.734294051999343722 44.049779840887381965 0.12093301625284205714 0.0058076641002266348596 -0.010915052589814585801 0.94986405187920319726 0.31241865439228000412
1738302499789761988 -14.46829874213980105 44.08836285942653177 0.12569318897893225206 0.0063500369239995876555 -0.0095015098930434395419 0.96517941123821338056 0.26133905651982441976
1738302500040249624 -15.23680664071260793 44.083051490061492927 0.13827252402525891384 0.0072457664927120420117 -0.01096259039146680811 0.97772127013140963658 0.20949567635744936744
1738302500290522924 -16.057777421028259113 43.981220755919622434 0.16308421158320407507 0.011750027685942805722 -0.0093170446483872189358 0.98743522979244324755 0.15731114548290736632
1738302500541361120 -16.883632438531154918 43.829015648691715512 0.16386890327946748713 0.011582562776137879032 -0.0067598496027858273952 0.99391470505896484244 0.10933301304014041155
1738302500792691959 -17.712581460333385763 43.65950505376852675 0.17368763986594373816 0.013753013784580912088 -0.0035583299404720325487 0.99747288304006354043 0.069613508025522255473
1738302501043823426 -18.526091147239501566 43.489329288895973491 0.17761768969526262052 0.013995166527315010957 -0.0032838615393112908364 0.99923789196014523029 0.036290313284793387916
1738302501295057200 -19.323029790222523872 43.283855100100289803 0.16869724608146388634 0.012284416911148381829 -0.00073833660575304941882 0.99988271024099728557 0.009116672711443053051
1738302501546871488 -20.155424836825371671 43.097503192462951915 0.17802876917507759469 0.014326984711095662461 0.00097774110247448968447 0.99985203546226519844 -0.0094704125248092733969
1738302501798024015 -20.996069282795936317 42.922107655583758401 0.17014842242781116899 0.013694906205775538716 -0.00030761030818688046579 0.99960634930911196339 -0.024484716474221408788
1738302502048827828 -21.850499506499453162 42.724088366356475888 0.17978587958314237727 0.013815945122898468794 0.0035855268792430263804 0.99926232561939876131 -0.035652044192023620017
1738302502299296152 -22.697504106195303564 42.53629554579766392 0.16839534100922523563 0.012061610213889514126 0.0010793669818188157076 0.99880639198933740541 -0.047319592635703601469
1738302502549349265 -23.547940908922250003 42.312385894930407915 0.16034799821404238651 0.01039379632944254471 -0.00094072377101950385627 0.9980903876184020751 -0.060882363459351100665
1738302502799258516 -24.389061920911260017 42.037478346159957709 0.1602566564478511979 0.008582814579808018679 0.0011509212820304862666 0.99709429203513655349 -0.075683442476150789013
1738302503048899998 -25.230550155889869046 41.729201260619568359 0.16797841537253871413 0.0089609216324936773884 -0.0002742085897022978583 0.99549379736531629081 -0.094401939070806351051
1738302503298375927 -26.063796974702821529 41.396499685321273887 0.18089152350374565481 0.011132801915687256383 -0.004493943987116986484 0.99331693084494021573 -0.11479259595346281986
1738302503548468826 -26.868791197003144333 40.983485588265637034 0.19458496530722096951 0.0099540436778683683006 0.0010217825856173540309 0.99077465165548195269 -0.13514977843771983079
1738302503798335969 -27.685508908163253494 40.563899330204037597 0.21404161420363129742 0.013226887659956918647 -0.00061059372380060266457 0.98760716723293007213 -0.15638657182853815675
1738302504047878009 -28.463138669112343138 40.096634124506124408 0.21115890825801250652 0.012525563418917607175 -0.0013628565039942857218 0.98365307106485200261 -0.1796326492257837304
1738302504297714666 -29.205526562853680872 39.568113218158558198 0.22415164715236637893 0.011838788305408310883 0.0036904508650690416409 0.97930063570463676825 -0.20203090994292513538
1738302504547893890 -29.939674129044959727 39.019080021973451267 0.2237969540957227832 0.011284119159406283753 0.0023449447516799590101 0.97388542241571041114 -0.2267473349238771918
1738302504797671951 -30.656278668030946477 38.420800114443608209 0.22726110405385654967 0.01156833442329831263 0.0030198469779696727675 0.96797144252892308725 -0.25077547848897818739
1738302505047959989 -31.350942912521514216 37.777204231430204118 0.22849268301663339109 0.011170995483335909026 0.0040579237230776964152 0.9613504563902144362 -0.27507097650114858967
1738302505297577069 -32.028087111798619446 37.114109916771262476 0.23873090751233608242 0.012311114759066895882 0.0033663933353517698673 0.95453150035255862615 -0.29783673158963186456
1738302505548129508 -32.669436864798925058 36.398283803198538067 0.24400843948540357209 0.011248084230622932417 0.006299248268678673407 0.94719713378499226231 -0.32039255581533987449
1738302505798385522 -33.301928285500942195 35.672826988533991255 0.23169029581966657516 0.0096393823072984247124 0.0058319354028843759311 0.9401779857633282278 -0.34049732146406253008
1738302506048908421 -33.929788159409206116 34.926891499763179638 0.23451597013384437029 0.0091397436568273222185 0.0061695415763485719068 0.9338680451869694199 -0.3574477248791681494
1738302506299368850 -34.545183279632361462 34.168464948582006002 0.24014467708077899544 0.0090749951233658823768 0.0069714386522433157214 0.92846402735815092289 -0.37124600120204920284
1738302506552821568 -35.176994015074512845 33.392465775736980049 0.25067873358267583894 0.009477831891816826046 0.0087405992218168634261 0.92453670037343926857 -0.38087486434584721939
1738302506801305494 -35.802102885671502008 32.634750748433667411 0.26281155802758576767 0.0098719866548014033325 0.0088833251621404166198 0.92147143094272843111 -0.3882190520439609549
1738302507051403323 -36.441985078739882908 31.868237755301329628 0.26501989067885767248 0.010409775310023463082 0.0087139503508959353928 0.91946842044553700468 -0.39292941789927954277
1738302507301831487 -37.083751436683243696 31.100876967492517622 0.27176060414391312037 0.010091494382333279084 0.010505633800892203583 0.91864204120886605587 -0.39482223027988277986
1738302507552232507 -37.751335959361497885 30.34203251001309809 0.2794989447876540245 0.01161348417366506007 0.0087890894038196287069 0.9182782053665525801 -0.39566781072205364778
1738302507802418031 -38.414447293223318525 29.57599036442063678 0.27468728927796903783 0.010624090291590591179 0.0088699447990312572238 0.9183664674402641781 -0.3954889180065968568
1738302508052558981 -39.084251235578015837 28.807089627565474643 0.27542202482646227502 0.0097316073528939221748 0.0083380374492325187719 0.91819008297420912079 -0.395932752468950655
1738302508302800823 -39.762125706742587283 28.042080232125911721 0.27460446689879347559 0.0090722204927893602966 0.0068763655171235355673 0.91817302310316228908 -0.39601604772812520894
1738302508552978550 -40.436982426640547317 27.255967553918395652 0.27902956011645507761 0.0085541597156485963543 0.00877953897130802699 0.91806449499480402565 -0.39624150347603154243
1738302508802966808 -41.129919716530935148 26.478419731852433472 0.29711209712526431836 0.0099489702020788377268 0.0081327128220513716927 0.9181390688506364528 -0.39604990496673286859
1738302509052849567 -41.81483181917951697 25.70449609850388839 0.29085609505633192029 0.0076937091910800892158 0.0066329164619806429623 0.91824963083740607228 -0.39587173014129101167
1738302509302752675 -42.509494505459272773 24.921592295559754859 0.29841378780649624458 0.0083439518244887416615 0.007481958239093102446 0.91834046137559344203 -0.39563265255704233025
1738302509553453214 -43.217775459865066523 24.130908907054372747 0.31873720708939007329 0.010622880160589039805 0.0069703705841210553823 0.91812556227137498421 -0.39608587484898449826
1738302509802170363 -43.907720155544460283 23.349017406695004695 0.32912227975740154795 0.009969765233893061393 0.0073310761184610809607 0.91810379463660207744 -0.39614679271451708198
1738302510052213038 -44.581985202426388071 22.557531302814258112 0.33595975995529780977 0.0091759042042725384725 0.010201378709477725362 0.91770815490841384232 -0.39701823266577423999
1738302510302255438 -45.253822704291685852 21.810757472293040848 0.34074438385771982363 0.0087282254027509081906 0.0081644526841078285395 0.9175487526951264794 -0.39744363904999857606
1738302510552166109 -45.88340106124368134 21.068108496776627447 0.34000578252060131845 0.0067429447548025163439 0.0087545838629603418835 0.91670316631750192737 -0.39941606730436701733
1738302510801701009 -46.482033710190911791 20.328033983783925009 0.34978744407938638927 0.0070638715542864225286 0.0092504650932202364677 0.91473172577431016705 -0.40389404610141954599
1738302511050921248 -47.042235320940797294 19.58260118477463152 0.37442000776266737283 0.010756570590962178519 0.0055853376800277711872 0.90928933163243585991 -0.41598799450411999556
1738302511300342575 -47.511267337234023955 18.798608299476761374 0.38655977194852741974 0.011556111768860406752 0.0059687063144114498384 0.90122835455744898514 -0.43314926268826897671
1738302511551786813 -47.925635834729249041 17.97697598626909965 0.3845416587784636353 0.01139158295832429571 0.0034037361740751228938 0.88975484602927723543 -0.45628385943968924332
1738302511798883265 -48.251293558215849089 17.10376154712414376 0.39182096289767870401 0.01093248823001866446 0.0042317647547780419884 0.87478711245505047511 -0.48436564778142071619
1738302512048471483 -48.51745743413317058 16.182853674790962373 0.40318675831536293641 -0.010069626080322146428 -0.0067337877080359724927 -0.85853949079381897125 0.51260433228875024181
1738302512297529685 -48.737639111684210036 15.239081643802432353 0.3999854943003514629 -0.010161682835032692304 -0.004171955021925403094 -0.8407939297169340076 0.54124384776587575185
1738302512547652426 -48.878017929130564312 14.247148404810253908 0.40286805488694837907 -0.0079767647142487563966 -0.0057832732297529321902 -0.82179018195390840518 0.5697050305373874135
1738302512797908272 -48.971376539564857922 13.220770683007851076 0.41136848123471569938 -0.0081311974760491824432 -0.0062489287649142213205 -0.80168088180658048092 0.59766428558407291849
1738302513047824874 -49.013378473670137225 12.177018637890251185 0.41459211224397041207 -0.0087524940371590601029 -0.0044127777491347313504 -0.78115242417313868195 0.62426341511343974577
1738302513298293674 -48.962973825666146865 11.119896277346533964 0.4184071048651507585 -0.002588040840350785271 -0.0085127959867117800746 -0.76300520371704783074 0.64633110202883170547
1738302513548915636 -48.938874138373066103 10.046544767221160299 0.4179311754452448846 -0.00411677699603153497 -0.0059092529139184472517 -0.74719098373057679652 0.66457036249662637672
1738302513799086670 -48.897803648233079343 8.9691585915835165821 0.43842167516231833613 -0.0049144761064144051529 -0.0041515392709960763709 -0.7342823904857763706 0.67881365901753532022
1738302514049810761 -48.812279519361283064 7.888636599936994287 0.44320315885699446135 -0.0012220015847541547231 -0.0058619173176476776013 -0.72414634518193266022 0.6896203414902554174
1738302514300961858 -48.754802991362005571 6.8012358184754813095 0.45734849793886639402 -0.0044576173745515161942 -0.0030634208277067098876 -0.7161356065721455888 0.69794021097778813356
1738302514551544728 -48.679001243280318079 5.7060167678836384297 0.49541691400389803457 -0.0058133837443551166987 -0.0051348994400617527234 -0.71082884844973526217 0.70332224875145565868
1738302514802739833 -48.56967972288073554 4.6076926928768413561 0.51366488192160364434 -0.0020984758199533715128 -0.010708505669387512541 -0.70734978901622524994 0.70677945660882324219
1738302515052987203 -48.51243230361149017 3.5069749648389012542 0.53591775106730354938 -0.0063955509158118688945 -0.0076871448506324567551 -0.70330505951564681322 0.71081783741843540536
1738302515303501281 -48.409454807770117668 2.4102712755178301585 0.54656018884306556416 -0.0045687245310043218122 -0.0094698200958501718705 -0.70034902629322282053 0.71372311902701268682
1738302515553888635 -48.30920658722041594 1.3114448753628284994 0.55050612820987998575 -0.0033387613075172590388 -0.0092781294376741499375 -0.69770383137109981408 0.71631845758514245404
1738302515804700057 -48.227323651333072974 0.20813754889521760005 0.5568181740087868592 -0.005236360972081031788 -0.0057901195806852427672 -0.69533258080381410426 0.71864571042462810357
1738302516054925088 -48.13125869485455155 -0.89685246667713003355 0.58103291993932038029 -0.0046180509112096201907 -0.0078148420626336975031 -0.69493121408463420785 0.71901892154530533396
1738302516305232001 -48.060806168033202823 -2.0043866829282444009 0.59125365015097408605 -0.0053208260590348593205 -0.007084178664838869724 -0.69558304069809706593 0.71839107505305477286
1738302516555524190 -48.020800491560393652 -3.1044331374130167411 0.60552551790559605571 -0.0063038268482314471081 -0.0047077833170909768462 -0.69794803259594018208 0.71610518943711243267
1738302516805850427 -47.970893391182229948 -4.2061760778847450126 0.61197938043922894824 -0.0054219750100923096853 -0.0041452097287288111951 -0.7004944689960430626 0.71362519457292583613
1738302517056245121 -47.961047666224260411 -5.3131916751173005053 0.63123019558427084785 -0.0087830109191751933734 -0.0014823133677799717016 -0.70319847252913580959 0.71093781000799460834
1738302517306062673 -47.938970103234169073 -6.408007754086158414 0.65273019602625304003 -0.0079439904396990355939 -0.0022093132586576158007 -0.70614238527927797318 0.70802185253204652504
1738302517556649104 -47.926654108702024359 -7.5178180934587359729 0.67401311940292152336 -0.0086345094203214619449 -0.00477954145065168437 -0.70923556863135972517 0.70490248220498075149
1738302517806105572 -47.941006789106239694 -8.6157284211674909358 0.71277360051456650769 -0.013017948291841113448 -0.0057703723705781508058 -0.71171088139685678708 0.70232816911062667664
1738302518056562044 -47.940656195730404932 -9.6850543029909612613 0.72029943003425167536 -0.011190332567370802133 -0.0074008878096724212137 -0.71479095832235306496 0.69920947449049375422
1738302518306265358 -47.943720096843151168 -10.734950204733815227 0.72817291005924589253 -0.010673244564706828308 -0.010338269719089802218 -0.71675506361159135871 0.69716668079937771374
1738302518556460571 -47.976287859218238907 -11.738307745777673219 0.73696253777861131518 -0.012469587361865654487 -0.0061682547561647312756 -0.71737940547271294989 0.69654378945469319628
1738302518806242607 -47.961453407240185243 -12.716383233028947686 0.72821827722168430697 -0.0091705502041680101583 -0.0071456595758557618983 -0.71736534576466959301 0.69660017316543554333
1738302519056048068 -47.967454817640650333 -13.670967444288477211 0.7195297946520669008 -0.0074541792722572436727 -0.0043043299891396625059 -0.71710482954540033518 0.69691216906966402256
1738302519305659354 -47.976410348346739454 -14.633853998779031258 0.73850557711058939514 -0.010228093735666901262 -0.0036568194438853503063 -0.71575764330695268445 0.69826428364750714461
1738302519556158109 -47.944478529564058533 -15.581802507292144 0.7520465090875722014 -0.0069088790757718711311 -0.0068604642780090178619 -0.71449015470635746095 0.69957774424826568715
1738302519805586385 -47.920912784905937087 -16.498752234478331502 0.77647453879319694448 -0.0099959492923426367106 -0.0055732893767037067906 -0.71038971010881435397 0.70371548172168485458
1738302520055178554 -47.853323123865280309 -17.380796306443219379 0.77798094616725255168 -0.0094209199119722145804 -0.0049938708477108035427 -0.7043129742143641181 0.70980951097832267749
1738302520305016328 -47.728178330344007918 -18.240185635499774008 0.79458158846675697173 -0.0077065685266418026619 -0.0075907490453113665718 -0.69542834223753524636 0.71851402919026530203
1738302520554525358 -47.593583735823450809 -19.071615556845234352 0.81204358324839687189 -0.012234740729431052911 -0.0060058786230644412713 -0.68329548876454915263 0.7300147365466427285
1738302520803234290 -47.333209605173493628 -19.843588128084924449 0.81625950187611184816 -0.010545924840570083947 -0.0057459662746746492656 -0.66284936087033941021 0.74865645801970459594
1738302521051611962 -46.961394286314884994 -20.559728967151063017 0.82571142441646550036 -0.0089831225645461473123 -0.0070620158653411308283 -0.63406458722840375319 0.77319566130687900074
1738302521300601686 -46.488731152162252158 -21.198603318671668916 0.82355669216621496531 -0.0064815835819357053155 -0.0074183778953464656752 -0.59870011562992819787 0.80091268455954833794
1738302521549655681 -45.931628731973162871 -21.755001951662510606 0.83456231381136569691 -0.0068116663764543859683 -0.0074849438321084402898 -0.55573608768730609064 0.83129716567483447065
1738302521798118930 -45.280791574813669342 -22.186977091107543458 0.83219113712854331233 -0.0024137781992155001032 -0.0075628575531596032785 -0.50591855952001463237 0.86254471651829656142
1738302522046795480 -44.543548178323590037 -22.566262948607750616 0.83952086347442633762 -0.0046499396207888730667 -0.0075505674023906279788 -0.44832882038592608565 0.89382472320068950822
1738302522295688404 -43.698586366558679117 -22.8358969538211376 0.86306400768080093755 -0.0044359564407705689287 -0.010060896087942703195 -0.38606990266489776831 0.9224039955012552916
1738302522545027561 -42.783068279651672583 -22.99744597136281854 0.86802961050589522163 -0.0044571896367275199574 -0.01128008928094968201 -0.31913856460795492209 0.94763044992567113667
1738302522794424778 -41.817794198239319314 -23.05167044237053986 0.87577153011845521036 -0.0046522471845525919382 -0.012451353959536370572 -0.24993097559252910878 0.96817241637018069955
1738302523044461332 -40.813178866990242 -22.9979404761052173 0.88890478158975150258 -0.0023451907666562506714 -0.014455983512494424009 -0.18312300082050864125 0.98298092107194368072
1738302523295134844 -39.779519542327527404 -22.827859873194313423 0.87950745398968166455 -0.00076189665944625506021 -0.01438732251900216863 -0.11874923039024710969 0.99281974433727815388
1738302523545518138 -38.730193409816891403 -22.567766588335135935 0.87943634630245137718 0.0045703399219518860142 -0.015946322196348901301 -0.061762205178725326782 0.99795303337024310331
1738302523796865691 -37.687862339331928752 -22.299746491909328228 0.88252346855264940384 0.0031418427993705252271 -0.016994847960154168404 -0.014029143091228792745 0.99975221285614612743
1738302524048173170 -36.648921141541357827 -21.977919921419001525 0.88078027929081048608 0.0068542018589552540161 -0.018631115449480196294 0.023788598895461188915 0.99951988675392333672
1738302524299753348 -35.624175244164227649 -21.666588875021776772 0.88280572344548013941 0.0067585146800627363475 -0.019651515118475133825 0.050544561527963244307 0.99850557721667909661
1738302524551835623 -34.590020976359696192 -21.402756179210609133 0.88115602775296208993 0.0080876451042803509245 -0.021161983585420020282 0.061050805601157269453 0.99787752734634083129
1738302524804766731 -33.551276990851839344 -21.207229224350435004 0.85815620278201498738 0.0076175404692441590557 -0.019643776957261448873 0.059756952423639889127 0.99799058199017687265
1738302525055323146 -32.503822868214143682 -21.060383343355024266 0.84647210879141066009 0.0075073604018723724338 -0.020211747504964204525 0.052884585694505048536 0.99836784072731055151
1738302525305858717 -31.447408815863227005 -20.954381164784084746 0.83281566518553740153 0.0053935215341477157208 -0.020191534509478078346 0.044270477352300621754 0.99880094948623909801
1738302525556514221 -30.376709055968795781 -20.851393169981136566 0.81716825508113644094 0.0058012646168542833514 -0.019464605921371443825 0.035302068453194015984 0.99917027498224586513
1738302525806737172 -29.28490876748123739 -20.761343929123643903 0.81022753064405161894 0.0082194243715418124213 -0.019291483383629494386 0.026290209597782842471 0.99943439234957509587
1738302526056670610 -28.170666850970782491 -20.690702596289447968 0.78937991384351569035 0.0074976413075377099093 -0.018017888261343498191 0.019627468959442190971 0.9996168783787473533
1738302526306451325 -27.042859435663785916 -20.64284764455352672 0.77798302669701202561 0.0047605521094285854766 -0.01756576163800855836 0.013473688549726534416 0.99974358756560932626
1738302526556753890 -25.89257154324468857 -20.591408419119481721 0.76956586908034885219 0.0054217870000641908007 -0.016761838971984199115 0.0076975550688135746524 0.99981517923362517308
1738302526806409521 -24.714321083351041608 -20.541323706811304817 0.76599091546721453927 0.0077471752991459834001 -0.01887873004960399434 0.003115798313356148673 0.99978691061019042685
1738302527056245787 -23.528563235040433455 -20.52912299966567744 0.76002716632188027646 0.0042757581586796988837 -0.018092193405348667296 -0.00088828384035095724319 0.99982678568928662344
1738302527306278385 -22.317119843915666166 -20.488557752465617057 0.75186291754877643267 0.0081023677340714816281 -0.018409029537127072351 -0.0044573448624840861232 0.99978777315257261193
1738302527556343002 -21.098506436770140482 -20.47374983801193693 0.73956632195277505204 0.0056173206634690664441 -0.017881170167851540009 -0.006467896340680944281 0.99980341856732934946
1738302527805984221 -19.873175430215553661 -20.474483741416111826 0.73742990216201864673 0.0014385083921474354184 -0.019065486338732097471 -0.0078695109827186630891 0.99978623151209999875
1738302528055954344 -18.65139197801391191 -20.417737525869672055 0.74275867955908136953 0.0073398220379075115177 -0.020655268390600532019 -0.0074407480848691382597 0.99973202517879833362
1738302528305522572 -17.455819069333230686 -20.412207654845850868 0.74021868744302177223 0.002161327030623641423 -0.022584964242519947608 -0.0061941115361874004436 0.99972340226580080902
1738302528555416047 -16.293521061269402139 -20.365236049195612367 0.72797667795515685896 0.0057959341841424408606 -0.022198593091531101246 -0.0054386204668001635401 0.99972198686390212341
1738302528806556552 -15.132438990512104837 -20.352385530487168808 0.72217506650255680611 0.0032953500048021723903 -0.025377415323695459715 -0.0057829586387215777335 0.99965578318199987962
1738302529055942523 -14.011810255345009679 -20.318996209482264703 0.71291710908094707566 0.0045451125915761288188 -0.025064158388458625953 -0.005655585871822051483 0.99965951416682596875
1738302529305845340 -12.912096221980229771 -20.288651218845728863 0.6834926334442000817 0.0029381855637815690145 -0.023072961190507577933 -0.0027052509958850937642 0.99972580598109161976
1738302529555306832 -11.840705218589658188 -20.224111316182412423 0.66003988123089196716 0.00088790376955753976245 -0.020657595891773100627 0.0048015726457052033266 0.99977468474601638437
1738302529803981631 -10.802978128647316325 -20.081466082764372061 0.64257682784050718094 -0.002081566252081898296 -0.018141075236216837319 0.021272072848243579052 0.99960695645236030682
1738302530052795928 -9.7809553131301036899 -19.847830618593750529 0.63574526049236601555 -0.0013133490930044165648 -0.019756345299376604913 0.04430193727313490315 0.99882195625067182743
1738302530301903764 -8.8006991131229117542 -19.551688848237777307 0.64842244821241035169 -0.00091599692895023485367 -0.021945085459065528238 0.069199591273794186508 0.99736101324513393163
1738302530551156892 -7.8382145800112423828 -19.234856817760071834 0.66847647523010222947 -0.0029775576803895758768 -0.027191185006580395611 0.093319949796857953883 0.99526034813917385602
1738302530801696083 -6.9290971558675735764 -18.866355016147572599 0.65011514250300295181 -0.0011629778025963816504 -0.026871761745109936509 0.11567453130436318454 0.99292293694468580778
1738302531050886446 -6.0508679889312650957 -18.487626677137932063 0.64945487308618732314 0.0013574091568065288754 -0.028060732131731821321 0.13328393283897707611 0.99067963842989492651
1738302531301379745 -5.1940145285395082908 -18.142522998748496832 0.6139193957575784788 -0.0025149172812106430734 -0.025682826367080975605 0.14683645189036231837 0.98882411176968987299
1738302531551491871 -4.3531219370250964218 -17.755023269671053043 0.60262213138823816916 0.0035209253979250907177 -0.026271064420168854792 0.15597265571379131943 0.98740567393962286324
1738302531801577735 -3.5146634636735742951 -17.404953496040580063 0.58750871753548528087 0.00075441806271948116513 -0.027370648398244119132 0.16480478085912575459 0.98594607492784402947
1738302532051024687 -2.7074976731805278085 -17.008784017955228762 0.5829818419274563901 0.0022827505859144441892 -0.028113806333815688498 0.17610819750993636501 0.98396661819036745911
1738302532300350382 -1.9353352750042163155 -16.578934512811112967 0.56524525894242161339 0.005545176652796459868 -0.027393539228833623661 0.1884544538803636371 0.98168414667705705678
1738302532549559598 -1.172034151142846703 -16.137295266000339922 0.53835414576778484186 0.0030348004119378165812 -0.028466209443676580848 0.20429174851380468847 0.97849136245321077787
1738302532798689817 -0.45322320319920428311 -15.655826504759156492 0.52286651128998107296 0.00066206788532207272099 -0.028040408647106555146 0.22354918101143447795 0.97428900271846219372
1738302533047637107 0.19885969370815473334 -15.089900237600692989 0.49700773859946167921 -0.00060485652809073929374 -0.026201300049549014481 0.2518230443996297141 0.96741835848488832994
1738302533296078069 0.73747220840556337862 -14.442440721800316794 0.45123820600689407145 -0.00018861087813810289461 -0.019679232502705347463 0.28936740171691938128 0.95701577785198510551
1738302533544686336 1.1957874121635374554 -13.709867805072560643 0.43091298876250350158 0.0039648176789776039958 -0.016151265575491065979 0.33106956522173563995 0.94345978177396283559
1738302533793253430 1.6016061877806555547 -12.932021561279151811 0.45147569933511422224 0.0028534168106403674445 -0.020832736485044519442 0.37727815725887431375 0.92586124616942311327
1738302534041846855 1.8845427847673024147 -12.092916328910806811 0.45208315646332719595 0.0031039754170444151977 -0.022356380779582466639 0.42767175910972249353 0.90365226942394383247
1738302534290628829 2.0359573335161820218 -11.189700541178179805 0.45194325099115117972 0.0074703375396097662295 -0.021567084376841603316 0.47791659044582113225 0.8781086421993397062
1738302534540130558 2.1425033419924703892 -10.277839597375828973 0.4318945724302001854 0.0046265883736000901552 -0.023615122817537390759 0.52612670819765661179 0.85006564897979020046
1738302534789561789 2.1404614448854273334 -9.3268006774503326994 0.44441158604793401521 0.0084780658639830950435 -0.025827319254818400379 0.57172084798154576557 0.81999777070585855299
1738302535039386389 2.0622228713726689087 -8.3654362356955598301 0.41970054878283252764 0.0086532434740907819559 -0.025853398351411524536 0.61378854624051060185 0.78899958407785075742
1738302535289451038 1.9076635846431815313 -7.3892562396470591324 0.41053828863370489533 0.0093160947491951699023 -0.028940771033076826552 0.652113095223884498 0.75751181719373872347
1738302535539896377 1.6718534663935322726 -6.4135882815267137858 0.38894064685346307897 0.0082924003709958504782 -0.027875991732338525897 0.68647706394829310916 0.72656961528401176054
1738302535790546136 1.4017856668368799955 -5.4434224261656165567 0.3356776561055215824 0.0023252962860039428847 -0.026474918200829613418 0.71612236596187295312 0.69746858615468187992
1738302536041691897 1.0552693453085659758 -4.4422898907737558005 0.31094018149761742942 0.0066653309024245904757 -0.021364027733235708972 0.73917542855604301266 0.67314102348762339112
1738302536292886932 0.74395329785929098509 -3.4242189280890222847 0.30280473582613937067 0.0028243168761923017653 -0.027086154126865168851 0.75617658321072345196 0.65380068713068384412
1738302536544125238 0.35727973493989462206 -2.4017434573735201297 0.31419009065583053397 0.0080528847475289759561 -0.025211575184751939399 0.77029153008437167838 0.63714243792438141067
1738302536795394404 -0.03206721653142242251 -1.427141510373486355 0.29573250187954336354 0.0089969273770030607634 -0.022607219606214336988 0.78120878205839650033 0.62379548551932162415
1738302537045933762 -0.38963973477711910665 -0.46237759024233293648 0.28831749864605510369 0.0062928697906260407449 -0.02525137780070835225 0.78988241065841047206 0.61270592052094807745
1738302537296344036 -0.81295560825626789203 0.461573771912340447 0.26496188523667407733 0.0083812507697660840189 -0.019007759335786616334 0.79752409517776967629 0.60292933029621886831
1738302537547105919 -1.2072443964362891133 1.4102757827234115862 0.25873017156367028591 0.0061332097453291470682 -0.020681958701474292134 0.80385166982568800886 0.59443850248864582575
1738302537797701806 -1.6120872762879092654 2.3392750361007275117 0.24927584183872034118 0.0058059830141052870545 -0.020900590012509174392 0.80866610553820450491 0.5878678300877182572
1738302538047926513 -2.018522946648865446 3.2505951726505855071 0.25764998863039045851 0.0073231855936079859673 -0.022045109047730784835 0.81251878816858291721 0.58247197614382506536
1738302538298338502 -2.3919561393664920956 4.1339201496250499446 0.25660917248540382474 0.0057315608680581255074 -0.025038387875128860494 0.81519012811428048781 0.57862361113910065757
1738302538548971647 -2.7760668014089397992 4.9798050109156983822 0.25002903557499900344 0.0058672257507760752077 -0.022627927858356742391 0.81713859806495925397 0.57596706858574786558
1738302538799116509 -3.1485130470096946986 5.7969345419147018106 0.24164722508030286874 0.0043596160976977329019 -0.022228841312027413507 0.81956405301391765938 0.5725396365045882785
1738302539049164795 -3.537370855682318016 6.598098421980526318 0.23360637306087989051 0.0035734501292086625832 -0.023516158474715782856 0.82337191339287763014 0.56700345058960410771
1738302539298429997 -3.9870319155001654465 7.3561125504079099002 0.25084573158044276564 0.0071835035778138696047 -0.024140634781930646324 0.8314265007440826416 0.55506360076041960649
1738302539548117980 -4.4722450889201397217 8.062772239222065096 0.26083357372869131474 0.0086793674925913551904 -0.023913041272692649175 0.84181421022409097521 0.53916757181956853628
1738302539797413423 -4.9916321822729852187 8.7153215206325800324 0.2553017548907950407 0.0081841310668505171805 -0.023680757438306346274 0.85369348958872803834 0.52017272858123686508
1738302540046803391 -5.5496290884920345121 9.3140880164691992604 0.23617627729768045364 0.0071704722900283934459 -0.022592190358508141418 0.8666786648818697314 0.49830339061712436433
1738302540296146743 -6.145993020394917572 9.84253394368959178 0.2336932111491014652 0.0070380824649757265168 -0.01993463188812143877 0.88057222147058433759 0.47344021652270090739
1738302540545200738 -6.7873568292714105965 10.296476397997697205 0.22439979438632595699 0.0058902027496932699013 -0.020050222870076298692 0.89702596561578884504 0.44148353433111131583
1738302540794519186 -7.4738689939636016035 10.676192782418276295 0.22173263197129286506 0.0060342298781795832008 -0.019329492945679122018 0.91357062510275643952 0.40617566608746880075
1738302541043844841 -8.1943836984952760361 11.011805648667206015 0.21844852055706331928 0.0042520828673491932459 -0.02008424041595796572 0.9294055712344715392 0.36848857137844759357
1738302541293722707 -8.9833128317926185247 11.270605348627636744 0.22869013023893919323 0.0063424594731844082668 -0.018647912416246609224 0.94443640796337702259 0.32810348959372687139
1738302541543301605 -9.7981958233975472439 11.463709411294908946 0.23767622561824622296 0.0068241368089864756427 -0.01830495039267463972 0.95828795031217350875 0.2851360451335946955
1738302541793022908 -10.636176622400075331 11.56220057158061465 0.254569447049024844 0.010236950654405108097 -0.018593565466040878897 0.97081327398277150742 0.23889552365712451998
1738302542042655512 -11.484367778114519254 11.553479259416208791 0.2646691349063074461 0.0122922580731833226 -0.016041381214130477628 0.98160060633997991975 0.18987317902534109337
1738302542292721126 -12.35414466087705776 11.48451417928231244 0.27790834008132914157 0.014370611608750855429 -0.016454249602132094837 0.98963281196282559815 0.141949430004391558
1738302542542995600 -13.249129963378139863 11.369401596582813241 0.28929150172928030926 0.015768026130047144151 -0.017310756796216526798 0.99501203560385975688 0.096967809372842439508
1738302542793267272 -14.158008162435756105 11.222055306575200007 0.27358332947022923065 0.013661278333996050224 -0.015227889636621161698 0.99803064355448833922 0.059298527618397184336
1738302543044424452 -15.109884422165761109 11.071107205010868313 0.25459827609736124243 0.012194301035902996994 -0.013774797333823076903 0.99937903743424105762 0.030051514398908414638
1738302543295823497 -16.072516800734408804 10.923504882815198158 0.24123179318531490223 0.0075956178720802966856 -0.010782598488586888838 0.99985527714881983208 0.010745553342289698023
1738302543547530828 -17.084093648603879245 10.834666467641950405 0.24030912583291849649 0.0070750904313035649362 -0.0098818646515795027785 0.99991587776682666622 0.0045309200162483333207
1738302543798893225 -18.120311441636214767 10.786244004483419801 0.25299468962419335849 0.00738023575523810791 -0.012505220308284962713 0.99989124591045663859 0.002578359337425620984
1738302544049435394 -19.195240920689514041 10.714861212448335337 0.29610236413894158725 0.012178865902828713355 -0.011028798481538601775 0.99986449253812970106 0.0010185238547084070424
1738302544299808018 -20.271472745799250958 10.65598905438500843 0.30409019498886435962 0.012943258973900428205 -0.010549426193438104712 0.99986052798118074669 0.00032594373444946005006
1738302544550236327 -21.368919197608128968 10.621736112589436729 0.31717297574214819988 0.013664509801898250957 -0.011668609193064944166 0.99983635439703966163 0.0020950316012973307402
1738302544800288796 -22.481472239874353392 10.579491082503848176 0.30762347954486074508 0.012107361508001745348 -0.0098226036039557474561 0.99986962550440128261 0.0042024099564792818939
1738302545050082919 -23.62213753034698982 10.546356726160217576 0.31741105535841640517 0.012531196329061088796 -0.0090906404455190856911 0.99986160464488760269 0.006091053423078520053
1738302545300177275 -24.779919127817649382 10.535608617106703377 0.32528809536352210063 0.014207927715596748927 -0.010853883302564554941 0.99980782338837681511 0.0080401678265464328332
1738302545550392263 -25.942744271255953947 10.509101146185056308 0.3281550777159509269 0.01284220675816558771 -0.0080289928005236824854 0.99983623169774471506 0.009905694556338441939
1738302545800540271 -27.117621571742475339 10.503303027737542763 0.342084258813920572 0.013638902664586579835 -0.0088069996251652904462 0.9997943632744992204 0.012151059881631058601
1738302546050691029 -28.296165959874894469 10.505708372346347801 0.353667713085066171 0.016856813851070056448 -0.0090881217989980511013 0.99970882340725397697 0.014680676777337075059
1738302546300734031 -29.448483725388285848 10.509696963007257864 0.36320239830329048569 0.017613916547316036537 -0.0087194945246430611424 0.99967373052896968399 0.016314191656096845712
1738302546550755931 -30.564042781522392289 10.545512773812312446 0.3333069518769706252 0.010063980531400083807 -0.010487696458031615585 0.99969698880118862405 0.019865928135981824471
1738302546800748278 -31.705285718360048719 10.545763481216839708 0.31383689660337188432 0.0069685587346542173653 -0.0075230482326788276556 0.99971471118663335353 0.021571721569604188767
1738302547050788871 -32.862588842652186827 10.587211044919053293 0.34678897748997006278 0.0079323277288675542868 -0.009547195448256381306 0.99965324895762952551 0.023223072241422358652
1738302547300739483 -34.019067600225213255 10.599483249635451187 0.38471495182519077627 0.012936321910666915766 -0.0051293215218219060519 0.999576966668488609 0.025538781137177134217
1738302547550668493 -35.137885539585788308 10.656861678718284381 0.41222554381543974333 0.01635740807572012151 -0.0087574677465667126464 0.99945123680035730107 0.02744024813933265694
1738302547800220715 -36.224741463797293761 10.701853969533871691 0.43018848717655999714 0.019106415086549373428 -0.0090907471062418119395 0.99933550979730856323 0.029678983772096823035
1738302548049884751 -37.279762046623119431 10.738585360352193021 0.43961649012699743899 0.020880894138225480211 -0.0084683219269297959481 0.99926649897902619646 0.030963523732452126469
1738302548300042292 -38.298474656910592273 10.799764199367762885 0.42389719948804660543 0.019152729653246235164 -0.011478216406613580766 0.99924870517900998834 0.031677258293994654814
1738302548549420369 -39.273741151069131661 10.83097622154822659 0.39406264210112490476 0.013410299571980713318 -0.0094728967187844431708 0.99935265031866038488 0.03201106674596217172
1738302548799264734 -40.223903151372766729 10.877233354737072091 0.37359949078351700757 0.008459077184930937493 -0.011941258504359054254 0.99939439250212969146 0.031570533632026331894
1738302549048663252 -41.156299543507572025 10.867146035722921482 0.36905134453638982484 0.0057593011862106203644 -0.012126583846771250147 0.99960691536387824563 0.024612825330832813903
1738302549298463716 -42.062099719754293403 10.801109633350257866 0.38798004923783596665 0.0055007750289377179559 -0.0095731967760511911536 0.99985379858844836143 0.013056677441773537063
1738302549547256359 -42.938380032559045674 10.692760611839883467 0.41643340294957337244 0.0068933579415139866961 -0.015401415511709547895 0.9998233794283595266 -0.0082757455845548152928
1738302549796484912 -43.773586425292798197 10.439758005306160271 0.44749974818109733432 0.0098037742144027571756 -0.010812014570989809253 0.9991963345414989206 -0.037331908481925343835
1738302550044941727 -44.559026229134502728 10.142888418571217812 0.47106245049105227585 0.012009856299102172894 -0.010958341108915133771 0.99746438220350142068 -0.069285527689432135912
1738302550294699112 -45.304405552175431637 9.7987412374567171014 0.49418961039391057222 0.014613193639480546657 -0.0093736364755738713767 0.99489545201948159647 -0.09940638340584842525
1738302550544981902 -46.004125775506238938 9.4253985003881961546 0.51800642345052316795 0.017144062042349712122 -0.0076741091680636395328 0.99155411332452492168 -0.12832626206034306038
1738302550794919549 -46.625600247708050006 9.015817035477560637 0.50789989925029799256 0.012702874309543574216 -0.0057081039362711447765 0.98732816034378634296 -0.15807959490675374536
1738302551044237672 -47.202002187896518137 8.581859111774409854 0.50248528965907657273 0.010834631591716393714 -0.010075398974422259193 0.98129859808729613668 -0.19192227198969150082
1738302551293587339 -47.679073748996380289 8.0305668285019464747 0.49549454922819052838 0.007018766021097792851 -0.0057711560066821925019 0.97273972978323985927 -0.23172148968776551392
1738302551542791140 -48.098298406287902651 7.4288822296691439107 0.5081691464020813287 0.0062813171861859475389 -0.0041341040300767904411 0.96093991714355564415 -0.27665489310404622891
1738302551792687550 -48.459764466798034732 6.7667302094616026409 0.523154457136384754 0.0058460045957428267288 -0.00046652068028254156055 0.94688537223668400866 -0.32151780422383763325
1738302552042171628 -48.793190993697713509 6.0572230054776410313 0.55168945483080933379 0.0094461081147074830305 0.00058704656787556821432 0.93021613340268261005 -0.36689013556536931304
1738302552291756802 -49.048075117500069098 5.3041652760132613764 0.55527636327184692888 0.0097548246856181686226 0.0013496891355990036504 0.91123087476687314457 -0.41177823474072644538
1738302552541772703 -49.25260174833631055 4.5174467624322387493 0.55736602976304183699 0.009556488482723179273 0.0037905872183664392899 0.89172264198712625216 -0.45246550668964641284
1738302552791988114 -49.433484566716842323 3.7281584392212394619 0.53595637360333137078 0.009804650412517129654 0.0011304678703467109513 0.87203196051162057412 -0.48934941577459906137
1738302553042103612 -49.5371927199972788 2.8980833531114402746 0.52072226991056647094 -0.008590504977907916645 -0.0014013121008439586614 -0.85005858370854980866 0.5266162206123495837
1738302553292214890 -49.554219821040376814 2.0394144415461479269 0.52347520632721733502 -0.0078103041705530505331 -0.0036289824716752051847 -0.82633411683968183148 0.56311433739673721899
1738302553541652836 -49.529556674566904917 1.1852740091533808808 0.5046860613793371364 -0.0094799070886373987266 0.00037169529889048637424 -0.80056336798392768728 0.59917300260144079616
1738302553791838437 -49.411737134073725031 0.31745113891358950342 0.51311887419407309352 -0.0087483912203527736812 -0.0033238277273939095466 -0.77451323341786693089 0.63248847347670711372
1738302554042061794 -49.228366929987949163 -0.52124434938509389692 0.51444375684081111721 -0.0068976226811352505872 -0.0066704465232174329353 -0.74883889603333497753 0.66268260557532809862
1738302554292097236 -49.027782756926001184 -1.3165691327378474806 0.51220440979491554945 -0.0099063989325678166592 -0.0053055956040919073288 -0.72399547703076838623 0.6897131745548036319
1738302554542502911 -48.772987859627299656 -2.0641289888227656313 0.49835327999937856225 -0.0099437120769525801089 -0.0033172413499764851451 -0.69927673809782042724 0.714774203546287068
1738302554791996182 -48.443914737826688111 -2.7691032131109114545 0.49197896980662797484 -0.0075387579354251558345 -0.0052355139273236586325 -0.67336507513538301772 0.73925315833659310805
1738302555041853781 -48.080701405492249023 -3.4251230294839629664 0.47400275074127290464 -0.0070314238140768208982 -0.0030231292235706236533 -0.64551413065123086632 0.76370997564417741899
1738302555291336718 -47.655531381433803517 -4.0524791033942690888 0.45344767090035653645 -0.0057188148142765984211 -0.0011886118117106160477 -0.61622919605660086972 0.78754521158249490842
1738302555540594380 -47.14542297538302762 -4.6577957473241422548 0.45933301408321186576 -0.0063726177587345679207 -0.0030207582004185894002 -0.58209848745621151078 0.81308770477974068314
1738302555789848782 -46.573284538802354859 -5.1889009823652232356 0.45486726344927047583 -0.0027296800733508019485 -0.0046547861031106373825 -0.545632189731856454 0.83800739575581983942
1738302556039355713 -45.947813639380399309 -5.6542645112045635258 0.45967561133618611846 -0.003622490869484068423 -0.0068729918870537396597 -0.50449517179732972227 0.86337955800192767164
1738302556288514642 -45.281873282144545101 -6.0242309442545360909 0.47247891279204262682 -0.0036640195532449022775 -0.010901721091837880684 -0.46205170492973862695 0.88677841054542505539
1738302556538237530 -44.589147936802788763 -6.2942850417441329469 0.46638474322568840291 3.847910441907535778e-05 -0.012883402859659533191 -0.41775303815962933074 0.90846927056368476094
1738302556787744610 -43.878811955107785536 -6.5268435037877026161 0.48698249499868206946 -0.0011212008524871701961 -0.017650041622071691028 -0.37312352307301360765 0.92761309578345729765
1738302557037345463 -43.15017416407695805 -6.6922856622243056535 0.48012636941530201229 -0.0036662760588236577471 -0.017623359321405296374 -0.32521587567793575069 0.94546846051738930861
1738302557286928503 -42.384342039827870963 -6.7597776689219983837 0.43901179775546267381 -0.0028668944221793366683 -0.014707534125402099701 -0.27538130500801466516 0.96121829269339487123
1738302557536748810 -41.565171004099418894 -6.7351482569459051319 0.41899183440461296168 0.0021352549694582789036 -0.014843097092780026258 -0.22275136721827829001 0.97475994560573608894
1738302557786750269 -40.734011609472545956 -6.664011341244313158 0.37892622684501658936 0.0044394317443135523915 -0.013572827654450439136 -0.17075327406896453897 0.98521032738698943731
1738302558037252481 -39.86560292284015361 -6.5473648024731980755 0.36973787716032674444 0.0059978773142285550513 -0.015821717761286234472 -0.12174856193001226679 0.99241674027737936115
1738302558288197702 -38.996788847671339795 -6.4008402425361836663 0.35515699319586790939 0.0041671123212885232898 -0.016452321155985077938 -0.078884405276224700554 0.9967392873302920453
1738302558539583127 -38.101875463210511441 -6.2411080621874148733 0.35197081576589012153 0.0065286264459959008483 -0.019112606482985402406 -0.046637617269628527106 0.99870767392944725938
1738302558791501603 -37.206201986946474847 -6.101894266983580728 0.31225445238155441485 0.0097928707851188279837 -0.016992677962819030535 -0.025449949180936851795 0.99948369104459411361
1738302559043356849 -36.272536193558600814 -6.019547583105743449 0.29100273503171292244 0.0096004678460421283975 -0.017957952693355080931 -0.014672371311823249537 0.9996849826181688492
1738302559294977643 -35.325895384375250785 -5.9935509910550459622 0.27131677808547222108 0.0068249812846988590354 -0.019174288971894406369 -0.013722506266954497336 0.99969868415169937936
1738302559546224885 -34.360564254446380517 -5.9481216886974337399 0.252023764602769762 0.008780279852367055618 -0.018624058974807299743 -0.01360043858722729225 0.99969549322943918046
1738302559797034218 -33.36910350173288009 -5.9202934265689348692 0.2200491230893577288 0.0078806750091476515663 -0.01886832131899017842 -0.014090104719396485955 0.99969162763374164182
1738302560047579733 -32.352636174754479725 -5.9015014189260570632 0.19273381587281906979 0.0061345297275137598489 -0.018159797569103398179 -0.014645253826132928129 0.999709010581398827
1738302560298390908 -31.321038624277449003 -5.8741656814452056778 0.16533018175377439674 0.0084946096126137550508 -0.017116010370030673715 -0.015258898874675881976 0.99970098019441533399
1738302560548357814 -30.262602754479697609 -5.8574629078489390821 0.14679915485017153154 0.0093692903592168946814 -0.017149210798542667555 -0.016081144099921961671 0.99967970759218161003
1738302560798512632 -29.178686172834360946 -5.8542107711746131926 0.11932251179409351927 0.0075852016875349800862 -0.017412319327057879798 -0.016973738767390229853 0.99967553138169207294
1738302561048538777 -28.074281688565161375 -5.8272337129605267236 0.10514501723082986251 0.010541486891175372298 -0.017502430899541756432 -0.017151208248332876216 0.99964412568791316538
1738302561298496197 -26.94587136314169129 -5.8322641261237366805 0.088597604041508598582 0.0090803380483858719963 -0.019426037584045655754 -0.017952249088253546816 0.99960887014741106604
1738302561548641102 -25.798677627299067439 -5.8255394856530955394 0.072932056707940104423 0.0091255260339528059682 -0.021186659050456444625 -0.017596822635765008158 0.99957901242773639083
1738302561798640148 -24.642189376130907874 -5.8183277683634599953 0.062352622295508773609 0.0094351005589051115119 -0.024021083086605419382 -0.017703300826034055332 0.99951015982062563214
1738302562048271634 -23.513341487536614238 -5.8160966251145254091 0.01505629784181982192 0.0083988459213734569658 -0.021069931745806638745 -0.017444528513350970184 0.99959051905686024941
1738302562298142854 -22.392810933646732252 -5.8000634578856606893 -0.02042045936315884172 0.010145916404877658792 -0.018436248407872453392 -0.015810981188563003746 0.99965352897831738499
1738302562548035042 -21.250714419613832007 -5.7984277066447811322 -0.051699211231111430465 0.0085783846303007348782 -0.017931582230516645432 -0.014735718245243617161 0.99969381726788808518
1738302562797812713 -20.103270243468568168 -5.7630735129695169761 -0.06054361279467574547 0.011880650832480842485 -0.019085899403061986485 -0.013072308219458208048 0.9996617894756146816
1738302563048087626 -18.968833785670906167 -5.7538579601531854024 -0.078173743741610082769 0.01028300932254290305 -0.018703643215873491656 -0.011433193375412648365 0.99970681479069978259
1738302563298013104 -17.838925452911244207 -5.7243436302078682942 -0.0949209859483369639 0.011947192741762813206 -0.020224498438739281492 -0.009668980610203541104 0.99967732047018653674
1738302563547961707 -16.713354060136669688 -5.7159685698215447758 -0.11316536090430466543 0.0099798980485088315678 -0.021218937768736106236 -0.0086505957518998744665 0.9996876139615040735
1738302563798817894 -15.585440919122751424 -5.6808256187225083522 -0.12497540984746362269 0.012740537932674385335 -0.022364974531939255803 -0.0075269320500465468349 0.99964035127704098382
1738302564048371704 -14.481115365665178985 -5.6540390994588909379 -0.15222079355072037909 0.011506923405584968886 -0.022385869029374637351 -0.0048788616132766247577 0.9996712761157519056
1738302564297836135 -13.411279749466439526 -5.6479498516369046612 -0.18474037381789787382 0.0070985192736800119956 -0.02087213674796952953 -0.0033633512511502270184 0.99975129547305729982
1738302564547656210 -12.354846307145372464 -5.5780035117009214574 -0.20734960686754477788 0.013482766147251745714 -0.02024798884195551027 -0.0010221348368670603052 0.99970355066151972423
1738302564797200675 -11.325779723057351589 -5.5491563828889249876 -0.23119179793048891258 0.010025165504143899314 -0.01955789642632823136 0.0023881414371418707536 0.99975561089921782809
1738302565047062077 -10.314329557944118321 -5.5146805679359944818 -0.24564147122672033707 0.0083956252732416709189 -0.020224644641946516732 0.0041884300887879031758 0.99975143624741513726
1738302565296778752 -9.3256950324493512738 -5.4467918214321784376 -0.25463721646888398675 0.012559570066433049101 -0.021839063197691674367 0.0063440687164091468658 0.99966247569392907568
1738302565546493417 -8.3667834476872489091 -5.4035759116857295936 -0.2725523860336781512 0.011487951306283612773 -0.021685843484168552259 0.0084623736265838165466 0.9996630129197382475
1738302565796363091 -7.4245992377512015636 -5.3531384282015492815 -0.29037173886148681667 0.0093390261851764785894 -0.021980515844639308964 0.011776596968175928604 0.99964541277243179618
1738302566045603203 -6.5031168910722714216 -5.2795990653602533627 -0.31069118794130501371 0.0072324839942157466768 -0.022291316789330092862 0.017539871980361991521 0.99957147881578911619
1738302566295332281 -5.6040017413929703594 -5.1502253505937307665 -0.32575689176971378558 0.0094385236293733770774 -0.022698215178710037104 0.027585364165956652305 0.99931714334500942876
1738302566544552998 -4.7193031438093377972 -4.9871985612696434487 -0.34213937088153512089 0.0065660228387420223675 -0.024441918550103219898 0.043403261209347815397 0.99873702088090454687
1738302566793464342 -3.8688875774572260013 -4.761417983014585964 -0.35631088220313306136 0.0027436175671462438748 -0.026486527591209951815 0.066399313228133124976 0.9974377512514941424
1738302567041882034 -3.0650386738906054696 -4.4199698043061212971 -0.37694295387323850655 0.004313080704503533154 -0.027361082454268499664 0.095443715070739065798 0.99504937855126696089
1738302567290086922 -2.3142787765801839939 -3.9518464672548772043 -0.3796561612546430764 0.0063346966571869922288 -0.031183150314700341932 0.13866858790648520228 0.98982751299543780821
1738302567538592953 -1.6618896255959758612 -3.3814387452698770886 -0.41394140692294484341 0.0067682869781628893224 -0.031529530638162168998 0.18866480634860205434 0.98151193056149987903
1738302567787720150 -1.1034719021709296083 -2.7274785281878188847 -0.43600653380529769132 0.0043016010122007780972 -0.033765004371239346059 0.24519246510819356355 0.96887670823624882921
1738302568036126872 -0.67902965253093849896 -1.9949810339073230647 -0.47378367825119843681 0.0049779349958314232302 -0.032557904719511560065 0.30475091325461245439 0.95186242906941753716
1738302568285539276 -0.39124816895221919966 -1.1939602358746712607 -0.51015365814397695132 0.0065558034824117691897 -0.030622218090192668966 0.36505090942320406189 0.93046071100784721875
1738302568534691129 -0.22094131182293033633 -0.39087196583149552698 -0.56707535094538885634 0.00070333578730829443299 -0.028806924565329759813 0.42681199297761585054 0.90388118083425805782
1738302568784599567 -0.18426633386665883241 0.43544588987760668441 -0.60005212049077549796 0.00069589573446965022341 -0.027275313243331131968 0.48726194598070987629 0.87282951887278459324
1738302569034848150 -0.27647184577128475214 1.2875121587378959287 -0.63835399013475813135 0.0039201040041495121072 -0.023117556620267928208 0.54572547377052105233 0.83763591054732478014
1738302569284931653 -0.42710710102609367178 2.1484171878941289435 -0.64820433021180146049 0.0041864196278811952046 -0.025818669978603586007 0.59742852872157448108 0.801495491715836339
1738302569535307481 -0.63820551113822376887 3.0045565664076989698 -0.65268728595129132941 0.0020913584210223669022 -0.029068946110529118865 0.64462732317188220499 0.76394125219956010575
1738302569785845890 -0.95810512150591164993 3.8529864777482951688 -0.67398785230368740695 0.0060047629923548105982 -0.025576404033697500151 0.68663373791854698247 0.72652866449309105867
1738302570037127230 -1.2885806809266187045 4.6979822993225486272 -0.70880390874830490056 0.0037254352379960521506 -0.024158823810849806846 0.72000328426650106461 0.6935400082257804355
1738302570288135303 -1.6653416290593321403 5.5452138941263484639 -0.7229229786500277477 0.0033193419576568643573 -0.023225253538452041158 0.74771493419425894 0.66360526425723720401
1738302570539113629 -2.078422718427859639 6.4012175814010676689 -0.75468396812930027551 0.0030957141871955774597 -0.022074647969646588042 0.77012192472428031564 0.63750713527744751197
1738302570790175972 -2.5187306308008503564 7.2750196352375748887 -0.75436509407969998264 0.0068102374833514060098 -0.021013707267079961838 0.7879053346462748797 0.61540005558031563027
1738302571040842646 -2.9581982684074428214 8.1669105351777773194 -0.74816910782218348785 0.01031986302726472203 -0.02061132111881591733 0.80005592328153884996 0.5994824380171280831
1738302571292445860 -3.3640853195441886569 9.0611395510429435518 -0.76853207255875233272 0.0093239364502250478978 -0.0198100649923582256 0.80601834785689141505 0.59148545920598749603
1738302571543264342 -3.7568886081318861869 9.9745900308724628758 -0.78940008344465473211 0.0089993522142848246526 -0.01988631945942028259 0.80914773508364734589 0.58719970092557505215
1738302571796174616 -4.1404867106096450158 10.902463406949079783 -0.80754708362425076107 0.008179745591448239761 -0.019606794019594205036 0.81009348685515591981 0.58591570037436924157
1738302572045148329 -4.52053708116427444 11.831191298567512504 -0.81109289145700180779 0.010823454095719359236 -0.017725409448350947644 0.80965449379735676683 0.58653922577699124652
1738302572295606207 -4.8472580241875391494 12.789203809198204098 -0.82655365493746879579 0.0099023005076151089654 -0.020909487239168661477 0.80682963206178326399 0.5903309941169438968
1738302572546251298 -5.1824047468003309191 13.755995779919718558 -0.83869472455117044518 0.0100106566579730525 -0.019762905040785878896 0.80415581140736058785 0.59400559367517280496
1738302572797233475 -5.5108327851306562195 14.748397611493150094 -0.84717574186170885309 0.013776292830181349758 -0.018525499417467804208 0.79971049292630869143 0.59994178645161133634
1738302573047603499 -5.80508468201448391 15.758363036540497859 -0.85510542921583265752 0.015833793045851314585 -0.018379390906207271339 0.79427038572743557943 0.60707993159392825699
1738302573298022637 -6.0483596401547607968 16.756431905181440101 -0.8707071693418932945 0.015490894525537706947 -0.018748721853667691534 0.7881406925465553881 0.61501444403191751764
1738302573548336533 -6.2596951650429053515 17.726119801869913317 -0.90532183936729659912 0.014107214290514367636 -0.015932912568973847667 0.78097437047329754112 0.62420041770721967911
1738302573798060366 -6.4365023924152540147 18.678038641408310383 -0.9402601103559639073 0.010808174915113445344 -0.014214172567497075986 0.77371642709564236728 0.63328037321203867194
1738302574048135974 -6.5982158820837355506 19.616850964922605272 -0.95231841168223341221 0.010286406890009803378 -0.01304958655221345222 0.76701418898119166911 0.64141494527773079692
1738302574297602035 -6.7317590471471548952 20.529432257935265937 -0.95951772589137063196 0.009251065532937400096 -0.013627248829257582532 0.76189252570690402244 0.64749401166945586006
1738302574547105257 -6.905007789570382748 21.418947605229998743 -0.95491499685371428185 0.010916789175542162063 -0.014702650688943073864 0.761583084373253838 0.64780850671578626976
1738302574798176586 -7.1130916755266744289 22.285217798844673354 -0.9513144367849385441 0.012390515775218340425 -0.015436075891925693515 0.76480731461435924601 0.64395494733114266861
1738302575045921242 -7.3412826773397021896 23.118281184614748014 -0.94676533257089301454 0.013769378584424070422 -0.016502530322062773649 0.76946311594824512436 0.63832952610825222095
1738302575294799690 -7.6038452793335808977 23.913942824070872462 -0.96956646986692851531 0.011178530731801195053 -0.016303780537140100115 0.77840361487101905613 0.62745281858208690196
1738302575543369002 -7.965010949060048695 24.668941495517518803 -0.97971991612353126477 0.011482347657496366766 -0.014441968995908729956 0.79313637761544208971 0.60876454539242697006
1738302575791840114 -8.3910817763957172843 25.367678330086526728 -1.0020510252468470824 0.0078236015078304715908 -0.01647866042025111083 0.81307775693200212697 0.58186923461601292029
1738302576040234170 -8.93430220604139258 25.99622154941007679 -0.99743075547723147878 0.0082092346012890785728 -0.01769612351152282867 0.83757493727080700729 0.54597406544242510495
1738302576288896340 -9.5764715068201979875 26.513157042339468461 -0.99769297308921844891 0.009970348916056014435 -0.016024216533184205968 0.86385823563062902331 0.5033813319543407605
1738302576537676205 -10.283768568396521204 26.907055354424208815 -1.0049048431306599749 0.0098797085039095729891 -0.014643434102108358538 0.89148307776734814212 0.4527094910116545301
1738302576790018510 -11.046505102719091695 27.166944087698791321 -1.0102004746221640019 0.0091447232693616167798 -0.013184341979447877433 0.91893866700816806414 0.39407394412742774437
1738302577035999626 -11.798366282582765763 27.306856439878970377 -1.0185594718909296574 0.00894656391042126381 -0.010041901850686386563 0.94123740620040108329 0.33747779833725277676
1738302577285818884 -12.551175177403898431 27.353691304470068246 -1.0212578029131105239 0.0079912782466450837937 -0.0093611699160725692775 0.95962403386883310397 0.28101640804603500445
1738302577536002452 -13.334159471939578623 27.34313039473179785 -1.0323573914219599246 0.0074843367130373109064 -0.0083926614435406686476 0.97405001054030793117 0.22605336738099296445
1738302577786766556 -14.144982455674250943 27.298752597246974005 -1.027531877219222789 0.0086980300809870875201 -0.0038620982626745570254 0.98394104223768497075 0.17823987732810486762
1738302578037692581 -14.970323747383707413 27.247219020162461334 -1.0244084126992261119 0.0083645806344139310429 -0.00509378698429572771 0.9909533603164611959 0.13384888793890911685
1738302578288732163 -15.825303831458150228 27.14505810839995803 -1.0192838271466728717 0.009387070715753500702 -0.0056781035376979446458 0.99544170811348997585 0.094738839932152721368
1738302578539772519 -16.692329559244015513 27.012289575769923289 -1.0115558286353119044 0.0096435171521934755917 -0.0020831708316761464277 0.99795976477888870271 0.063079084161760931582
1738302578790963888 -17.579155278681330543 26.900199270189045109 -1.008781079458277663 0.010837370922217925973 -0.0024787645756191075547 0.99919315919444684493 0.038593234338337042977
1738302579042446643 -18.479729179555317131 26.795223982825891795 -0.99807254153791125084 0.011514074436954967878 2.6993167116701249154e-05 0.99966974314763201725 0.022974551059312158657
1738302579293568211 -19.393479360990319549 26.719688141068886011 -0.99013417088270527788 0.013102169998993632924 -0.00025186996627164586447 0.99981825451135375449 0.013846575342210717952
1738302579544393860 -20.331738946045533112 26.643671538841548596 -0.98627350421949699921 0.01435214406962541378 -0.00085015271734321191856 0.99987161397187773737 0.0070745158303547796969
1738302579794750584 -21.27964052348310986 26.546023523189145266 -0.98553578112166384528 0.013972731688135547196 0.0035489286066533614651 0.99989348529988009151 0.0022772636595608194456
1738302580044880481 -22.247036054530639149 26.477281711483076521 -0.99695848079967241961 0.012691054368511539216 0.0014468933606434364325 0.99991660842093132988 -0.0019025883947987865235
1738302580294936261 -23.233921930460159189 26.414994154646102231 -1.0024961564903216438 0.011677259364038990522 0.0016476476799541746928 0.99992496300537170306 -0.0033159055435523485979
1738302580544908926 -24.247833265101469635 26.340368361781479223 -0.99527920912122291863 0.012392905746685495619 0.0039533342729356924644 0.99990810769568239103 -0.0038161760599012359979
1738302580794723896 -25.282432405409380749 26.301386784708650879 -0.99160684015970534944 0.013231577150093159698 0.00042526270072957130051 0.99990426172553048545 -0.0040264004866301097638
1738302581044553948 -26.3386851447215804 26.251081785525304468 -0.99040380427673124775 0.013437852765519115242 -0.00086271996215265688186 0.99990113096392230219 -0.0040506943094310099776
1738302581294425491 -27.411064447544525535 26.200082300554210946 -0.98455406823268265537 0.014412014292204459315 -0.00073754425452227058077 0.99988565502043036393 -0.0045195969819050172203
1738302581544378113 -28.500441750715744149 26.149753070179972525 -0.98261656184161350058 0.014100627047455667126 -0.00012968099214889908027 0.99989233126563603626 -0.0040597260843752988949
1738302581794510570 -29.603093414940449435 26.116396572421894717 -0.9940120107287868656 0.012658928246506823481 -0.0038382758936503936359 0.99989932030242278937 -0.0051350202109558045968
1738302582043952020 -30.719513677250404271 26.054070935654181085 -0.99764832611876641533 0.011659775056466816293 -0.0024288225898296445134 0.99991272191783009404 -0.0057183051104314590318
1738302582293965024 -31.844775969815216854 26.004615708206866742 -1.005604348671021997 0.0093067781556740395571 -0.0031455760904384654983 0.9999245498722828529 -0.0073745368758375232782
1738302582543735208 -32.991733461161025787 25.933548550472167449 -0.99834344591380042022 0.0084069278419116912071 -0.0021736635897045115083 0.99990898585353527039 -0.010325636068265720349
1738302582793723808 -34.16063325384098448 25.856455249638720773 -0.97768034911097789763 0.010479525559871083473 -0.0033959924560932560657 0.99983345093095676859 -0.014550504416425647999
1738302583044001423 -35.347977233351429049 25.743147297319076472 -0.95374302101308006119 0.013827314862184084815 -0.0022616888798956918775 0.99968667882151263093 -0.020742090394328633468
1738302583293862027 -36.526642811001835298 25.607268996096355096 -0.93396098326475596174 0.015802380530085511495 -0.0025976485992851875914 0.99941297834410447454 -0.030285899502960962615
1738302583543601170 -37.674111111106093119 25.421788272832714028 -0.93654687290234794883 0.015490473077129723878 -0.0006552158673514673487 0.99900522314751538655 -0.041811243224723029788
1738302583793315849 -38.769525395833738912 25.21073153229193764 -0.95425257008443331586 0.013014924947011551407 -0.0013674499102213383706 0.99834838417551885481 -0.055939660559366430337
1738302584042987415 -39.824135968541440889 24.941766995503297011 -0.95207264935355406799 0.0091199831955007474443 0.0013899259540823597457 0.99735118444941606164 -0.072149212675555629559
1738302584292707770 -40.861820334883283579 24.648174887994677817 -0.95967480481166034245 0.0072797646518312835937 -7.5073686692669270833e-05 0.99592411748642317715 -0.089900787535175857856
1738302584542407322 -41.877069043819012961 24.306619178699982342 -0.93367040211950624862 0.0096252870245439776931 -0.00082556710204627955368 0.99400874445905651466 -0.10887280756729486586
1738302584791737630 -42.849918426958936379 23.914423525836330242 -0.89259130514646078947 0.01428319476445678339 -0.0044165913433919772729 0.99086437710784891486 -0.13403085557773816716
1738302585040686768 -43.726361352171508656 23.414540860655993271 -0.8815459531995375464 0.01416295129500752363 0.0012680209013952055668 0.98666143288103669295 -0.1621635587878746676
1738302585290039839 -44.537559348273944693 22.894323587416710808 -0.88850091658227992042 0.012380771547278479963 -0.0006681985000439582276 0.98110617426510760009 -0.19307238234802751031
1738302585539852806 -45.274937368895436407 22.305605001692235589 -0.87877344237232024593 0.01004435725175799321 0.001596524287990865737 0.97414232620241003602 -0.2257062035003787881
1738302585790276972 -45.947837340862250244 21.688559150083676741 -0.8916229090275273883 0.0080896629391806890164 0.00069321808899743323201 0.96588224900184160848 -0.25885431784182427739
1738302586039953157 -46.546223476992125256 21.004059836691705954 -0.87379407617994664381 0.0091779374964589127694 0.0023723896206584672505 0.9551591576193957378 -0.29594107664635749266
1738302586289690417 -47.030892863499055068 20.265302500784454054 -0.85065004747617944947 0.008355699060596783953 0.005379698482109030247 0.94204303507256748063 -0.33534483924568775359
1738302586539288914 -47.453005699617392565 19.516862427390886836 -0.83428673623637839007 0.010885204864478220665 0.0024087148182402613045 0.92637831978998164129 -0.37642916867728687391
1738302586789074037 -47.757820921992859553 18.712922771695996715 -0.82690784350892787558 0.010239678674609819717 0.0030218596301537746507 0.90716815206447776188 -0.42063281044746964055
1738302587038721822 -47.973525154466642562 17.868251614015036921 -0.82102171395843337454 0.010588289064677821119 0.0032548063574208197825 0.88467045013645695395 -0.46608528085063705149
1738302587288665316 -48.111905191195155851 16.993675783667306689 -0.80211327584525859979 -0.010793161043497537938 -0.0048639511511583887957 -0.8612588019085706259 0.5080286663062447694
1738302587538973450 -48.182258356594509507 16.103280639795908513 -0.79209216642880531101 -0.0087109054519488703788 -0.0080422940691227320226 -0.83778121660544369043 0.54587734403931387206
1738302587789671879 -48.236398852265431003 15.221442819437040583 -0.79498164456612963047 -0.0064713738401756849827 -0.0085788219997470233774 -0.81738344932642981178 0.57599376897753440385
1738302588039999591 -48.260637815144932006 14.309560017044397284 -0.77353112249655409105 -0.0066905008456221689087 -0.013737500022227637844 -0.7984224068430559873 0.60190379508897906558
1738302588290441157 -48.268897254991351531 13.424624197354109612 -0.78330633915124714406 -0.0069429216826699452145 -0.0081741218566272581814 -0.78065590216035884996 0.62486905987780960725
1738302588540738610 -48.223187448999240701 12.524066806793133111 -0.77906809797966758424 -0.0045876855766959620184 -0.0077982302341080894301 -0.76404130423537031103 0.64510388788828376683
1738302588791432663 -48.155066357422455781 11.626466301422402339 -0.7781075792001443947 -0.0018689277968824747657 -0.010454379098747631355 -0.75051073541760093821 0.66077291794494841248
1738302589041825384 -48.122760879434842707 10.753835585194515545 -0.77160340683363981551 -0.0030849318698119732735 -0.0079004984977780520067 -0.74054339303479688184 0.6719550195893735367
1738302589292251737 -48.096981621000047369 9.901417274423012671 -0.73771295973953654457 -0.0080433008298057759311 -0.0059161901358183678276 -0.73289665599776632199 0.68026670919083609412
1738302589542811083 -48.056291505170619871 9.1066536989707316252 -0.73981164487603912061 -0.0042007488374155481717 -0.0051062684013570653827 -0.72937207248405522275 0.68408527217923065233
1738302589793998082 -48.02383023210579438 8.3307740139431256665 -0.73019715160915521501 -0.00086632103261087751479 -0.0083593928958014609987 -0.72921983000285550691 0.68422789300706576832
1738302590044173923 -48.059548373934063648 7.590621420255623697 -0.7225098025116827305 -0.0051675472884565093121 -0.0024000448036752054272 -0.72923746401119182714 0.68423698915104513851
1738302590294288571 -48.059402560405352745 6.870191638836654846 -0.68600308609121540826 -0.0062809770769304360677 -0.0043253113874722904503 -0.72911748377329532733 0.68434606440342660161
1738302590544746139 -48.043599051189943339 6.1703758244448421166 -0.66891891520780621949 -0.005927950560472393729 -0.0075111603454023718671 -0.72885388915368620744 0.68460240295953123102
1738302590795457460 -48.021268230164544377 5.5019224882247197428 -0.64513681956299850917 -0.0051587683967975256003 -0.010620622124639395728 -0.72806953678739083635 0.6854015896512846151
1738302591045303169 -48.022928380948982863 4.883060108978873437 -0.6260262174843326255 -0.0082540677976841031471 -0.010474618437996128725 -0.72749984522054311764 0.68597822701413457835
1738302591295328392 -48.016711904120711552 4.337699890100688016 -0.61299051381014746376 -0.0088314866789133729397 -0.010752304448639176879 -0.72708825976720636852 0.68640298316716197302
1738302591545072150 -48.029964876919947869 3.8748943687779746625 -0.6138694905339436847 -0.011475427645809476926 -0.0078777424719624015298 -0.72679048323201955739 0.68671817306465576802
1738302591794919484 -48.006066511271129116 3.5008373455577301847 -0.60588773662078931892 -0.0094743163003396836663 -0.009163975539894611208 -0.72675823554481699951 0.68676686433660272257
1738302592044446931 -47.984019869195009278 3.208937075898665281 -0.60616489866612932591 -0.0084875005409318221572 -0.0095198188649051208171 -0.72646773486387683505 0.6870822116640010746
1738302592293784093 -47.980117963981363971 3.0073123730147517385 -0.60302996991743151867 -0.0092420817523107944708 -0.0082324973220007282432 -0.72658306780704196015 0.68696714294705174542
1738302592543401159 -47.953494718301712396 2.8847349040843504042 -0.59656758104287965772 -0.0082930252475280144542 -0.0099728794665254402729 -0.72641443021179707973 0.68713451593371466242
1738302592792830242 -47.937857658624871249 2.8475198921454065726 -0.59614036505603140714 -0.0084636598476757265996 -0.009394063899289184158 -0.72650334868198584992 0.68704657948300695836
1738302593042093219 -47.910146948854290372 2.8658506738548554793 -0.59785217791659150954 -0.0065105817519756333314 -0.0091307260311103404654 -0.72634786604502366014 0.68723578170758559125
1738302593291498368 -47.895813808004632506 2.8703578553942654672 -0.59785790970682939349 -0.0065349970087685005371 -0.008850352776584382436 -0.72634284647577307403 0.68724452303623118077
1738302593541111722 -47.879775804308302156 2.8749722928860430571 -0.59603873436976428923 -0.0065415709433054069002 -0.0089456737995527585428 -0.72633367806024540236 0.68725291624360651532
1738302593790493224 -47.864630377366260916 2.8806185329716389454 -0.59438886023903891864 -0.0066208480393423838756 -0.0089752350051978870699 -0.72634452915028135944 0.68724030331558516593
1738302594040372016 -47.849712740057050553 2.887452702867985721 -0.59316119305709902321 -0.0066084219149699138102 -0.0089580691347353001014 -0.7263503651286167262 0.6872344787877686656
